#sstop2
6.529307887190128e-01
6.641888057761570e-03
7.889073208001815e-05
6.879714337368062e-07



#sstop4
9.245428785685073e-01
9.529175149813340e-03
1.408910199383199e-04
2.006800094870172e-06
2.626377093464636e-08



#sstop8
1.308320057639094e+00
1.360123135748242e-02
2.264053708547047e-04
4.034117746946939e-06
7.160949198863048e-08



#sstop16
1.850822803792625e+00
1.932645415240738e-02
3.391181226263618e-04
6.540168027153897e-06
1.277700027579329e-07



#sstop32
2.617867912381163e+00
2.739619407537468e-02
4.924525474826990e-04
9.790805306616177e-06
1.972045693571276e-07



