1599 7.9950 3.9975 -5.20956973396642e-01 -3.29016994374954e-01
1600 8.0000 4.0000 -4.96149498472999e-01 -1.95943487863577e-14
1597 7.9850 3.9925 -5.25692408350487e-01 -8.69016994374936e-01
1598 7.9900 3.9950 -5.30553972347726e-01 -6.27785252292468e-01
1595 7.9750 3.9875 -4.82399662186966e-01 -1.10000000000000e+00
1596 7.9800 3.9900 -5.08526179049265e-01 -1.03105651629514e+00
1593 7.9650 3.9825 -4.20542801746374e-01 -9.49016994374921e-01
1594 7.9700 3.9850 -4.51519645296315e-01 -1.07105651629514e+00
1591 7.9550 3.9775 -3.76435784106072e-01 -4.89016994374927e-01
1592 7.9600 3.9800 -3.94119092114947e-01 -7.47785252292446e-01
1589 7.9450 3.9725 -3.79347059772261e-01 8.90169943749451e-02
1590 7.9500 3.9750 -3.70806723592630e-01 -1.99999999999990e-01
1587 7.9350 3.9675 -4.40292788218231e-01 5.49016994374963e-01
1588 7.9400 3.9700 -4.02765262479621e-01 3.47785252292462e-01
1585 7.9250 3.9625 -5.47799017030041e-01 6.99999999999999e-01
1586 7.9300 3.9650 -4.89758277347890e-01 6.71056516295157e-01
1583 7.9150 3.9575 -6.72251242090375e-01 4.69016994374927e-01
1584 7.9200 3.9600 -6.10188967881542e-01 6.31056516295138e-01
1581 7.9050 3.9525 -7.77169649223942e-01 -7.09830056250615e-02
1582 7.9100 3.9550 -7.29314653913638e-01 2.27785252292455e-01
1579 7.8950 3.9475 -8.33102930474083e-01 -7.29016994374989e-01
1580 7.9000 3.9500 -8.12478981403885e-01 -3.99999999999997e-01
1577 7.8850 3.9425 -8.28833326028365e-01 -1.26901699437496e+00
1578 7.8900 3.9450 -8.38307227279038e-01 -1.02778525229250e+00
1575 7.8750 3.9375 -7.75612523926830e-01 -1.50000000000000e+00
1576 7.8800 3.9400 -8.06824142611036e-01 -1.43105651629516e+00
1573 7.8650 3.9325 -7.02809981814575e-01 -1.34901699437493e+00
1574 7.8700 3.9350 -7.39393150123173e-01 -1.47105651629514e+00
1571 7.8550 3.9275 -6.46635350131263e-01 -8.89016994374946e-01
1572 7.8600 3.9300 -6.70499631186558e-01 -1.14778525229246e+00
1569 7.8450 3.9225 -6.36242081315033e-01 -3.10983005625023e-01
1570 7.8500 3.9250 -6.34516267919077e-01 -5.99999999999957e-01
1567 7.8350 3.9175 -6.82519549469134e-01 1.49016994374951e-01
1568 7.8400 3.9200 -6.52505035099533e-01 -5.22147477075119e-02
1565 7.8250 3.9125 -7.73854021309161e-01 3.00000000000001e-01
1566 7.8300 3.9150 -7.24096376661337e-01 2.71056516295152e-01
1563 7.8150 3.9075 -8.80476884308104e-01 6.90169943749409e-02
1564 7.8200 3.9100 -8.27546722374617e-01 2.31056516295147e-01
1561 7.8050 3.9025 -9.65738419768998e-01 -4.70983005625097e-01
1562 7.8100 3.9050 -9.27951578242264e-01 -1.72214747707575e-01
1559 7.7950 3.8975 -1.00000000000000e+00 -1.12901699437497e+00
1560 7.8000 3.9000 -9.90476190476192e-01 -8.00000000000034e-01
1557 7.7850 3.8925 -1.00000000000000e+00 -1.66901699437494e+00
1558 7.7900 3.8950 -1.00000000000000e+00 -1.42778525229248e+00
1555 7.7750 3.8875 -9.87786799910358e-01 -1.90000000000000e+00
1556 7.7800 3.8900 -1.00000000000000e+00 -1.83105651629515e+00
1553 7.7650 3.8825 -8.95732121086407e-01 -1.74901699437491e+00
1554 7.7700 3.8850 -9.42176139905869e-01 -1.87105651629513e+00
1551 7.7550 3.8775 -8.18332008678460e-01 -1.28901699437491e+00
1552 7.7600 3.8800 -8.53067877421982e-01 -1.54778525229244e+00
1549 7.7450 3.8725 -7.84537647363321e-01 -7.10983005625043e-01
1550 7.7500 3.8750 -7.94797759393638e-01 -9.99999999999977e-01
1547 7.7350 3.8675 -8.05015411037370e-01 -2.50983005625060e-01
1548 7.7400 3.8700 -7.88215379450235e-01 -4.52214747707528e-01
1545 7.7250 3.8625 -8.67905708688147e-01 -1.00000000000001e-01
1546 7.7300 3.8650 -8.32717031307985e-01 -1.28943483704853e-01
1543 7.7150 3.8575 -9.43168869643437e-01 -3.30983005625082e-01
1544 7.7200 3.8600 -9.06300994122554e-01 -1.68943483704866e-01
1541 7.7050 3.8525 -9.93856333601194e-01 -8.70983005625075e-01
1542 7.7100 3.8550 -9.73778162844355e-01 -5.72214747707557e-01
1539 7.6950 3.8475 -1.00000000000000e+00 -1.52901699437495e+00
1540 7.7000 3.8500 -1.00000000000000e+00 -1.20000000000001e+00
1537 7.6850 3.8425 -1.00000000000000e+00 -2.06901699437497e+00
1538 7.6900 3.8450 -1.00000000000000e+00 -1.82778525229246e+00
1535 7.6750 3.8375 -1.00000000000000e+00 -2.30000000000000e+00
1536 7.6800 3.8400 -1.00000000000000e+00 -2.23105651629516e+00
1533 7.6650 3.8325 -1.00000000000000e+00 -2.14901699437492e+00
1534 7.6700 3.8350 -1.00000000000000e+00 -2.27105651629514e+00
1531 7.6550 3.8275 -9.76538385489720e-01 -1.68901699437493e+00
1532 7.6600 3.8300 -1.00000000000000e+00 -1.94778525229245e+00
1529 7.6450 3.8225 -9.17960177797729e-01 -1.11098300562501e+00
1530 7.6500 3.8250 -9.40914455045460e-01 -1.40000000000000e+00
1527 7.6350 3.8175 -9.11113750841308e-01 -6.50983005625041e-01
1528 7.6400 3.8200 -9.08309036406365e-01 -8.52214747707501e-01
1525 7.6250 3.8125 -9.43879128321985e-01 -5.00000000000000e-01
1526 7.6300 3.8150 -9.24120288102122e-01 -5.28943483704844e-01
1523 7.6150 3.8075 -9.85929564789745e-01 -7.30983005625068e-01
1524 7.6200 3.8100 -9.66073084738084e-01 -5.68943483704858e-01
1521 7.6050 3.8025 -1.00000000000000e+00 -1.27098300562505e+00
1522 7.6100 3.8050 -9.98676892747978e-01 -9.72214747707538e-01
1519 7.5950 3.7975 -1.00000000000000e+00 -1.92901699437498e+00
1520 7.6000 3.8000 -1.00000000000000e+00 -1.60000000000005e+00
1517 7.5850 3.7925 -1.00000000000000e+00 -2.46901699437495e+00
1518 7.5900 3.7950 -1.00000000000000e+00 -2.22778525229249e+00
1515 7.5750 3.7875 -1.00000000000000e+00 -2.70000000000000e+00
1516 7.5800 3.7900 -1.00000000000000e+00 -2.63105651629515e+00
1513 7.5650 3.7825 -1.00000000000000e+00 -2.54901699437494e+00
1514 7.5700 3.7850 -1.00000000000000e+00 -2.67105651629516e+00
1511 7.5550 3.7775 -1.00000000000000e+00 -2.08901699437490e+00
1512 7.5600 3.7800 -1.00000000000000e+00 -2.34778525229243e+00
1509 7.5450 3.7725 -1.00000000000000e+00 -1.51098300562503e+00
1510 7.5500 3.7750 -1.00000000000000e+00 -1.79999999999996e+00
1507 7.5350 3.7675 -9.93608542793430e-01 -1.05098300562505e+00
1508 7.5400 3.7700 -1.00000000000000e+00 -1.25221474770752e+00
1505 7.5250 3.7625 -9.93829636449199e-01 -8.99999999999999e-01
1506 7.5300 3.7650 -9.90739819651849e-01 -9.28943483704850e-01
1503 7.5150 3.7575 -1.00000000000000e+00 -1.13098300562509e+00
1504 7.5200 3.7600 -9.98521118271660e-01 -9.68943483704854e-01
1501 7.5050 3.7525 -1.00000000000000e+00 -1.67098300562509e+00
1502 7.5100 3.7550 -1.00000000000000e+00 -1.37221474770757e+00
1499 7.4950 3.7475 -1.00000000000000e+00 -2.28901699437496e+00
1500 7.5000 3.7500 -1.00000000000000e+00 -2.00000000000003e+00
1497 7.4850 3.7425 -1.00000000000000e+00 -2.74901699437494e+00
1498 7.4900 3.7450 -1.00000000000000e+00 -2.54778525229247e+00
1495 7.4750 3.7375 -1.00000000000000e+00 -2.90000000000000e+00
1496 7.4800 3.7400 -1.00000000000000e+00 -2.87105651629515e+00
1493 7.4650 3.7325 -1.00000000000000e+00 -2.66901699437492e+00
1494 7.4700 3.7350 -1.00000000000000e+00 -2.83105651629515e+00
1491 7.4550 3.7275 -1.00000000000000e+00 -2.12901699437492e+00
1492 7.4600 3.7300 -1.00000000000000e+00 -2.42778525229244e+00
1489 7.4450 3.7225 -9.90591043113191e-01 -1.47098300562505e+00
1490 7.4500 3.7250 -1.00000000000000e+00 -1.79999999999999e+00
1487 7.4350 3.7175 -9.56289279851600e-01 -9.30983005625031e-01
1488 7.4400 3.7200 -9.66571444987599e-01 -1.17221474770754e+00
1485 7.4250 3.7125 -9.66985149055833e-01 -6.99999999999999e-01
1486 7.4300 3.7150 -9.57554593562929e-01 -7.68943483704839e-01
1483 7.4150 3.7075 -9.92903952648813e-01 -8.50983005625077e-01
1484 7.4200 3.7100 -9.80334406508625e-01 -7.28943483704845e-01
1481 7.4050 3.7025 -1.00000000000000e+00 -1.31098300562507e+00
1482 7.4100 3.7050 -1.00000000000000e+00 -1.05221474770755e+00
1479 7.3950 3.6975 -1.00000000000000e+00 -1.88901699437499e+00
1480 7.4000 3.7000 -1.00000000000000e+00 -1.60000000000001e+00
1477 7.3850 3.6925 -1.00000000000000e+00 -2.34901699437496e+00
1478 7.3900 3.6950 -1.00000000000000e+00 -2.14778525229250e+00
1475 7.3750 3.6875 -1.00000000000000e+00 -2.50000000000000e+00
1476 7.3800 3.6900 -1.00000000000000e+00 -2.47105651629516e+00
1473 7.3650 3.6825 -1.00000000000000e+00 -2.26901699437493e+00
1474 7.3700 3.6850 -1.00000000000000e+00 -2.43105651629516e+00
1471 7.3550 3.6775 -8.96438216771471e-01 -1.72901699437494e+00
1472 7.3600 3.6800 -9.50311916014398e-01 -2.02778525229246e+00
1469 7.3450 3.6725 -8.27549741917848e-01 -1.07098300562502e+00
1470 7.3500 3.6750 -8.54809277891290e-01 -1.39999999999995e+00
1467 7.3350 3.6675 -8.17536245679196e-01 -5.30983005625045e-01
1468 7.3400 3.6700 -8.15378078732490e-01 -7.72214747707506e-01
1465 7.3250 3.6625 -8.55009928978393e-01 -3.00000000000001e-01
1466 7.3300 3.6650 -8.31863907681903e-01 -3.68943483704847e-01
1463 7.3150 3.6575 -9.10451273176066e-01 -4.50983005625066e-01
1464 7.3200 3.6600 -8.82760425427312e-01 -3.28943483704840e-01
1461 7.3050 3.6525 -9.47485183586305e-01 -9.10983005625100e-01
1462 7.3100 3.6550 -9.33424686553619e-01 -6.52214747707577e-01
1459 7.2950 3.6475 -9.36775807435122e-01 -1.48901699437497e+00
1460 7.3000 3.6500 -9.49310292484366e-01 -1.20000000000004e+00
1457 7.2850 3.6425 -8.67232672976380e-01 -1.94901699437495e+00
1458 7.2900 3.6450 -9.09163748088131e-01 -1.74778525229248e+00
1455 7.2750 3.6375 -7.50247804234326e-01 -2.10000000000000e+00
1456 7.2800 3.6400 -8.13143456906452e-01 -2.07105651629515e+00
1453 7.2650 3.6325 -6.15345378438536e-01 -1.86901699437491e+00
1454 7.2700 3.6350 -6.82760194446032e-01 -2.03105651629515e+00
1451 7.2550 3.6275 -4.98905625138226e-01 -1.32901699437491e+00
1452 7.2600 3.6300 -5.52661797641719e-01 -1.62778525229243e+00
1449 7.2450 3.6225 -4.30270059572532e-01 -6.70983005625038e-01
1450 7.2500 3.6250 -4.57400056676393e-01 -9.99999999999972e-01
1447 7.2350 3.6175 -4.20535395733639e-01 -1.30983005625059e-01
1448 7.2400 3.6200 -4.18234412269907e-01 -3.72214747707525e-01
1445 7.2250 3.6125 -4.58316491866895e-01 1.00000000000001e-01
1446 7.2300 3.6150 -4.35013015239068e-01 3.10565162951453e-02
1443 7.2150 3.6075 -5.14096758226403e-01 -5.09830056250843e-02
1444 7.2200 3.6100 -4.86232316460239e-01 7.10565162951513e-02
1441 7.2050 3.6025 -5.51504330799660e-01 -5.10983005625081e-01
1442 7.2100 3.6050 -5.37252445856469e-01 -2.52214747707561e-01
1439 7.1950 3.5975 -5.41206917028492e-01 -1.08901699437495e+00
1440 7.2000 3.6000 -5.53530397058389e-01 -8.00000000000018e-01
1437 7.1850 3.5925 -4.72117971232217e-01 -1.54901699437497e+00
1438 7.1900 3.5950 -5.13816413161169e-01 -1.34778525229247e+00
1435 7.1750 3.5875 -3.55633845328175e-01 -1.70000000000000e+00
1436 7.1800 3.5900 -4.18273020075081e-01 -1.67105651629516e+00
1433 7.1650 3.5825 -2.21283488678081e-01 -1.46901699437496e+00
1434 7.1700 3.5850 -2.88415537594586e-01 -1.63105651629515e+00
1431 7.1550 3.5775 -1.05452391499198e-01 -9.29016994374930e-01
1432 7.1600 3.5800 -1.58896813393238e-01 -1.22778525229245e+00
1429 7.1450 3.5725 -3.74878694364145e-02 -2.70983005625002e-01
1430 7.1500 3.5750 -6.42741613554122e-02 -5.99999999999995e-01
1427 7.1350 3.5675 -2.84930309007056e-02 2.69016994374964e-01
1428 7.1400 3.5700 -2.58131126269854e-02 2.77852522925058e-02
1425 7.1250 3.5625 -6.70897845958210e-02 5.00000000000000e-01
1426 7.1300 3.5650 -4.33685321644887e-02 4.31056516295158e-01
1423 7.1150 3.5575 -1.23769313350617e-01 3.49016994374960e-01
1424 7.1200 3.5600 -9.54442738256114e-02 4.71056516295157e-01
1421 7.1050 3.5525 -1.62168322793764e-01 -1.10983005625062e-01
1422 7.1100 3.5550 -1.47408628736896e-01 1.47785252292455e-01
1419 7.0950 3.5475 -1.52963968094765e-01 -6.89016994374985e-01
1420 7.1000 3.5500 -1.64727588652199e-01 -4.00000000000051e-01
1417 7.0850 3.5425 -8.50801200083136e-02 -1.14901699437496e+00
1418 7.0900 3.5450 -1.26161316780754e-01 -9.47785252292495e-01
1415 7.0750 3.5375 3.00753857045167e-02 -1.30000000000000e+00
1416 7.0800 3.5400 -3.18832762899825e-02 -1.27105651629515e+00
1413 7.0650 3.5325 1.62960938552199e-01 -1.06901699437497e+00
1414 7.0700 3.5350 9.65791549897411e-02 -1.23105651629516e+00
1411 7.0550 3.5275 2.77177089570326e-01 -5.29016994374894e-01
1412 7.0600 3.5300 2.24559835198567e-01 -8.27785252292417e-01
1409 7.0450 3.5225 3.43361133455037e-01 1.29016994374976e-01
1410 7.0500 3.5250 3.17486793767587e-01 -1.99999999999957e-01
1407 7.0350 3.5175 3.50392994813547e-01 6.69016994374950e-01
1408 7.0400 3.5200 3.54078340409040e-01 4.27785252292487e-01
1405 7.0250 3.5125 3.09632058762051e-01 8.99999999999999e-01
1406 7.0300 3.5150 3.34461794835477e-01 8.31056516295150e-01
1403 7.0150 3.5075 2.50566518969853e-01 7.49016994374942e-01
1404 7.0200 3.5100 2.80113661700149e-01 8.71056516295148e-01
1401 7.0050 3.5025 2.09536932344772e-01 2.89016994374906e-01
1402 7.0100 3.5050 2.25643995199599e-01 5.47785252292428e-01
1399 6.9950 3.4975 2.15841075705231e-01 -2.89016994374966e-01
1400 7.0000 3.5000 2.05562929243265e-01 -3.13559099032649e-14
1397 6.9850 3.4925 2.80527440784256e-01 -7.49016994374945e-01
1398 6.9900 3.4950 2.41083979209240e-01 -5.47785252292479e-01
1395 6.9750 3.4875 3.92157721484028e-01 -8.99999999999999e-01
1396 6.9800 3.4900 3.32004662542215e-01 -8.71056516295150e-01
1393 6.9650 3.4825 5.21156713750875e-01 -6.69016994374946e-01
1394 6.9700 3.4850 4.56765607558228e-01 -8.31056516295148e-01
1391 6.9550 3.4775 6.31087931729627e-01 -1.29016994374916e-01
1392 6.9600 3.4800 5.80665399157165e-01 -4.27785252292436e-01
1389 6.9450 3.4725 6.92547836936589e-01 5.29016994374954e-01
1390 6.9500 3.4750 6.69093178034853e-01 2.00000000000020e-01
1387 6.9350 3.4675 6.94371335403275e-01 1.06901699437497e+00
1388 6.9400 3.4700 7.00724379064670e-01 8.27785252292468e-01
1385 6.9250 3.4625 6.47868179262666e-01 1.30000000000000e+00
1386 6.9300 3.4650 6.75639052454691e-01 1.23105651629516e+00
1383 6.9150 3.4575 5.82471841822333e-01 1.14901699437495e+00
1384 6.9200 3.4600 6.15261588225801e-01 1.27105651629515e+00
1381 6.9050 3.4525 5.34462550789816e-01 6.89016994374925e-01
1382 6.9100 3.4550 5.54144584194702e-01 9.47785252292444e-01
1379 6.8950 3.4475 5.33071570041090e-01 1.10983005625003e-01
1380 6.9000 3.4500 5.26734828610560e-01 3.99999999999989e-01
1377 6.8850 3.4425 5.89274060789613e-01 -3.49016994374964e-01
1378 6.8900 3.4450 5.54175998261894e-01 -1.47785252292506e-01
1375 6.8750 3.4375 6.91550870039989e-01 -5.00000000000000e-01
1376 6.8800 3.4400 6.36188613547841e-01 -4.71056516295158e-01
1373 6.8650 3.4325 8.10237660033843e-01 -2.69016994374960e-01
1374 6.8700 3.4350 7.51128413541988e-01 -4.31056516295157e-01
1371 6.8550 3.4275 9.08799675006618e-01 2.70983005625062e-01
1372 6.8600 3.4300 8.64200392754283e-01 -2.77852522924551e-02
1369 6.8450 3.4225 9.57725033899483e-01 9.29016994374990e-01
1370 6.8500 3.4250 9.40690508475701e-01 6.00000000000057e-01
1367 6.8350 3.4175 9.45729195054868e-01 1.46901699437496e+00
1368 6.8400 3.4200 9.59160435875708e-01 1.22778525229250e+00
1365 6.8250 3.4125 8.83990219528551e-01 1.70000000000000e+00
1366 6.8300 3.4150 9.19564805088865e-01 1.63105651629516e+00
1363 6.8150 3.4075 8.01796391215471e-01 1.54901699437496e+00
1364 6.8200 3.4100 8.43189730504979e-01 1.67105651629516e+00
1361 6.8050 3.4025 7.35267866495743e-01 1.08901699437489e+00
1362 6.8100 3.4050 7.64435361057491e-01 1.34778525229246e+00
1359 6.7950 3.3975 7.13459430606877e-01 5.10983005625022e-01
1360 6.8000 3.4000 7.17580410101785e-01 7.99999999999956e-01
1357 6.7850 3.3925 7.47151677063392e-01 5.09830056250474e-02
1358 6.7900 3.3950 7.23583251855970e-01 2.52214747707510e-01
1355 6.7750 3.3875 8.24610941981831e-01 -1.00000000000001e-01
1356 6.7800 3.3900 7.81960110635308e-01 -7.10565162951531e-02
1353 6.7650 3.3825 9.15936389349732e-01 1.30983005625063e-01
1354 6.7700 3.3850 8.70841489080929e-01 -3.10565162951435e-02
1351 6.7550 3.3775 9.84332524077386e-01 6.70983005625097e-01
1352 6.7600 3.3800 9.55184058535965e-01 3.72214747707530e-01
1349 6.7450 3.3725 1.00000000000000e+00 1.32901699437497e+00
1350 6.7500 3.3750 1.00000000000000e+00 1.00000000000003e+00
1347 6.7350 3.3675 1.00000000000000e+00 1.86901699437494e+00
1348 6.7400 3.3700 1.00000000000000e+00 1.62778525229248e+00
1345 6.7250 3.3625 1.00000000000000e+00 2.10000000000000e+00
1346 6.7300 3.3650 1.00000000000000e+00 2.03105651629515e+00
1343 6.7150 3.3575 9.87785660786550e-01 1.94901699437495e+00
1344 6.7200 3.3600 1.00000000000000e+00 2.07105651629515e+00
1341 6.7050 3.3525 8.99321036197865e-01 1.48901699437491e+00
1342 6.7100 3.3550 9.39724094107132e-01 1.74778525229248e+00
1339 6.6950 3.3475 8.53328050203466e-01 9.10983005625041e-01
1340 6.7000 3.3500 8.69836238289013e-01 1.19999999999998e+00
1337 6.6850 3.3425 8.60356830168632e-01 4.50983005625029e-01
1338 6.6900 3.3450 8.50445302432387e-01 6.52214747707526e-01
1335 6.6750 3.3375 9.08419623280359e-01 3.00000000000001e-01
1336 6.6800 3.3400 8.80825521395811e-01 3.28943483704838e-01
1333 6.6650 3.3325 9.67335460481353e-01 5.30983005625048e-01
1334 6.6700 3.3350 9.38840604444377e-01 3.68943483704848e-01
1331 6.6550 3.3275 1.00000000000000e+00 1.07098300562508e+00
1332 6.6600 3.3300 9.89153083224168e-01 7.72214747707511e-01
1329 6.6450 3.3225 1.00000000000000e+00 1.72901699437500e+00
1330 6.6500 3.3250 1.00000000000000e+00 1.40000000000001e+00
1327 6.6350 3.3175 1.00000000000000e+00 2.26901699437497e+00
1328 6.6400 3.3200 1.00000000000000e+00 2.02778525229251e+00
1325 6.6250 3.3125 1.00000000000000e+00 2.50000000000000e+00
1326 6.6300 3.3150 1.00000000000000e+00 2.43105651629516e+00
1323 6.6150 3.3075 1.00000000000000e+00 2.34901699437496e+00
1324 6.6200 3.3100 1.00000000000000e+00 2.47105651629515e+00
1321 6.6050 3.3025 1.00000000000000e+00 1.88901699437493e+00
1322 6.6100 3.3050 1.00000000000000e+00 2.14778525229250e+00
1319 6.5950 3.2975 9.76764219393473e-01 1.31098300562501e+00
1320 6.6000 3.3000 1.00000000000000e+00 1.59999999999994e+00
1317 6.5850 3.2925 9.55445206700616e-01 8.50983005625040e-01
1318 6.5900 3.2950 9.60053280081896e-01 1.05221474770750e+00
1315 6.5750 3.2875 9.72254558406873e-01 6.99999999999999e-01
1316 6.5800 3.2900 9.60668316754395e-01 7.28943483704843e-01
1313 6.5650 3.2825 9.96713476458335e-01 9.30983005625034e-01
1314 6.5700 3.2850 9.85867286327216e-01 7.68943483704840e-01
1311 6.5550 3.2775 1.00000000000000e+00 1.47098300562511e+00
1312 6.5600 3.2800 1.00000000000000e+00 1.17221474770754e+00
1309 6.5450 3.2725 1.00000000000000e+00 2.12901699437498e+00
1310 6.5500 3.2750 1.00000000000000e+00 1.80000000000005e+00
1307 6.5350 3.2675 1.00000000000000e+00 2.66901699437495e+00
1308 6.5400 3.2700 1.00000000000000e+00 2.42778525229249e+00
1305 6.5250 3.2625 1.00000000000000e+00 2.90000000000000e+00
1306 6.5300 3.2650 1.00000000000000e+00 2.83105651629515e+00
1303 6.5150 3.2575 1.00000000000000e+00 2.74901699437494e+00
1304 6.5200 3.2600 1.00000000000000e+00 2.87105651629515e+00
1301 6.5050 3.2525 1.00000000000000e+00 2.28901699437490e+00
1302 6.5100 3.2550 1.00000000000000e+00 2.54778525229247e+00
1299 6.4950 3.2475 1.00000000000000e+00 1.67098300562503e+00
1300 6.5000 3.2500 1.00000000000000e+00 1.99999999999996e+00
1297 6.4850 3.2425 9.97586720610287e-01 1.13098300562505e+00
1298 6.4900 3.2450 1.00000000000000e+00 1.37221474770752e+00
1295 6.4750 3.2375 9.92015577492284e-01 8.99999999999999e-01
1296 6.4800 3.2400 9.90916906359549e-01 9.68943483704852e-01
1293 6.4650 3.2325 1.00000000000000e+00 1.05098300562506e+00
1294 6.4700 3.2350 9.96616356366898e-01 9.28943483704851e-01
1291 6.4550 3.2275 1.00000000000000e+00 1.51098300562509e+00
1292 6.4600 3.2300 1.00000000000000e+00 1.25221474770752e+00
1289 6.4450 3.2225 1.00000000000000e+00 2.08901699437496e+00
1290 6.4500 3.2250 1.00000000000000e+00 1.80000000000003e+00
1287 6.4350 3.2175 1.00000000000000e+00 2.54901699437497e+00
1288 6.4400 3.2200 1.00000000000000e+00 2.34778525229248e+00
1285 6.4250 3.2125 1.00000000000000e+00 2.70000000000000e+00
1286 6.4300 3.2150 1.00000000000000e+00 2.67105651629516e+00
1283 6.4150 3.2075 1.00000000000000e+00 2.46901699437495e+00
1284 6.4200 3.2100 1.00000000000000e+00 2.63105651629515e+00
1281 6.4050 3.2025 1.00000000000000e+00 1.92901699437492e+00
1282 6.4100 3.2050 1.00000000000000e+00 2.22778525229249e+00
1279 6.3950 3.1975 9.27725964230493e-01 1.27098300562499e+00
1280 6.4000 3.2000 9.59739014262448e-01 1.59999999999999e+00
1277 6.3850 3.1925 9.07480530517247e-01 7.30983005625031e-01
1278 6.3900 3.1950 9.10563112160768e-01 9.72214747707487e-01
1275 6.3750 3.1875 9.33673503070343e-01 5.00000000000000e-01
1276 6.3800 3.1900 9.16305406761858e-01 5.68943483704839e-01
1273 6.3650 3.1825 9.76677862952439e-01 6.50983005625045e-01
1274 6.3700 3.1850 9.55357178223859e-01 5.28943483704846e-01
1271 6.3550 3.1775 1.00000000000000e+00 1.11098300562502e+00
1272 6.3600 3.1800 9.92962605818809e-01 8.52214747707506e-01
1269 6.3450 3.1725 1.00000000000000e+00 1.68901699437499e+00
1270 6.3500 3.1750 1.00000000000000e+00 1.40000000000006e+00
1267 6.3350 3.1675 1.00000000000000e+00 2.14901699437496e+00
1268 6.3400 3.1700 1.00000000000000e+00 1.94778525229250e+00
1265 6.3250 3.1625 9.49112888168267e-01 2.30000000000000e+00
1266 6.3300 3.1650 1.00000000000000e+00 2.27105651629516e+00
1263 6.3150 3.1575 8.14094132467115e-01 2.06901699437496e+00
1264 6.3200 3.1600 8.81568532576682e-01 2.23105651629516e+00
1261 6.3050 3.1525 6.97526126243369e-01 1.52901699437494e+00
1262 6.3100 3.1550 7.51347989371713e-01 1.82778525229246e+00
1259 6.2950 3.1475 6.28749162023880e-01 8.70983005625016e-01
1260 6.3000 3.1500 6.55951582836791e-01 1.19999999999995e+00
1257 6.2850 3.1425 6.18858605963192e-01 3.30983005625045e-01
1258 6.2900 3.1450 6.16637469843824e-01 5.72214747707506e-01
1255 6.2750 3.1375 6.56467831137575e-01 1.00000000000001e-01
1256 6.2800 3.1400 6.33252385980099e-01 1.68943483704847e-01
1253 6.2650 3.1325 7.12058609653794e-01 2.50983005625063e-01
1254 6.2700 3.1350 6.84291222694458e-01 1.28943483704855e-01
1251 6.2550 3.1275 7.49257271986293e-01 7.10983005625048e-01
1252 6.2600 3.1300 7.35112389855230e-01 4.52214747707533e-01
1249 6.2450 3.1225 7.38729534576270e-01 1.28901699437497e+00
1250 6.2500 3.1250 7.51170985304356e-01 1.00000000000004e+00
1247 6.2350 3.1175 6.69386657071792e-01 1.74901699437495e+00
1248 6.2400 3.1200 7.11215161586336e-01 1.54778525229249e+00
1245 6.2250 3.1125 5.52622571407187e-01 1.90000000000000e+00
1246 6.2300 3.1150 6.15405140206635e-01 1.87105651629515e+00
1243 6.2150 3.1075 4.17963559172871e-01 1.66901699437494e+00
1244 6.2200 3.1100 4.85253699977548e-01 1.83105651629515e+00
1241 6.2050 3.1025 3.01792169172054e-01 1.12901699437496e+00
1242 6.2100 3.1050 3.55410887412769e-01 1.42778525229247e+00
1239 6.1950 3.0975 2.33452474316257e-01 4.70983005625038e-01
1240 6.2000 3.1000 2.60430927911910e-01 7.99999999999971e-01
1237 6.1850 3.0925 2.24044007755261e-01 -6.90169943749778e-02
1238 6.1900 3.0950 2.21575947750818e-01 1.72214747707525e-01
1235 6.1750 3.0875 2.62184736574320e-01 -3.00000000000001e-01
1236 6.1800 3.0900 2.38697057861772e-01 -2.31056516295166e-01
1233 6.1650 3.0825 3.18361497889360e-01 -1.49016994374948e-01
1234 6.1700 3.0850 2.90293973403035e-01 -2.71056516295150e-01
1231 6.1550 3.0775 3.56206206245567e-01 3.10983005625029e-01
1232 6.1600 3.0800 3.41730422502575e-01 5.22147477075167e-02
1229 6.1450 3.0725 3.46390734591331e-01 8.89016994375006e-01
1230 6.1500 3.0750 3.58467366276594e-01 6.00000000000020e-01
1227 6.1350 3.0675 2.77833130069323e-01 1.34901699437497e+00
1228 6.1400 3.0700 3.19259421602147e-01 1.14778525229251e+00
1225 6.1250 3.0625 1.61934807882516e-01 1.50000000000000e+00
1226 6.1300 3.0650 2.24273936854042e-01 1.47105651629516e+00
1223 6.1150 3.0575 2.82302998767321e-02 1.26901699437496e+00
1224 6.1200 3.0600 9.50315482766433e-02 1.43105651629515e+00
1221 6.1050 3.0525 -8.68887492049033e-02 7.29016994374984e-01
1222 6.1100 3.0550 -3.38090348481777e-02 1.02778525229249e+00
1219 6.0950 3.0475 -1.54068238202595e-01 7.09830056250019e-02
1220 6.1000 3.0500 -1.27684036383904e-01 3.99999999999934e-01
1217 6.0850 3.0425 -1.62197577798886e-01 -4.69016994374964e-01
1218 6.0900 3.0450 -1.65320800393975e-01 -2.27785252292506e-01
1215 6.0750 3.0375 -1.22646611503575e-01 -6.99999999999999e-01
1216 6.0800 3.0400 -1.46856606970082e-01 -6.31056516295158e-01
1213 6.0650 3.0325 -6.49150633678519e-02 -5.49016994374959e-01
1214 6.0700 3.0350 -9.37789420787540e-02 -6.71056516295156e-01
1211 6.0550 3.0275 -2.53562025436320e-02 -8.90169943749395e-02
1212 6.0600 3.0300 -4.07099668174927e-02 -3.47785252292457e-01
1209 6.0450 3.0225 -3.32818210996342e-02 4.89016994374987e-01
1210 6.0500 3.0250 -2.21731629520667e-02 2.00000000000053e-01
1207 6.0350 3.0175 -9.97558625816099e-02 9.49016994374958e-01
1208 6.0400 3.0200 -5.93967618733647e-02 7.47785252292497e-01
1205 6.0250 3.0125 -2.13357056515649e-01 1.10000000000000e+00
1206 6.0300 3.0150 -1.52194505429437e-01 1.07105651629516e+00
1203 6.0150 3.0075 -3.44528980623253e-01 8.69016994374932e-01
1204 6.0200 3.0100 -2.79024909341442e-01 1.03105651629514e+00
1201 6.0050 3.0025 -4.56855855956435e-01 3.29016994374948e-01
1202 6.0100 3.0050 -4.05206279373161e-01 6.27785252292463e-01
1199 5.9950 2.9975 -5.20956973396645e-01 -3.29016994374976e-01
1200 6.0000 3.0000 -4.96149498473003e-01 -4.31174710201722e-14
1197 5.9850 2.9925 -5.25692408350489e-01 -8.69016994374950e-01
1198 5.9900 2.9950 -5.30553972347729e-01 -6.27785252292487e-01
1195 5.9750 2.9875 -4.82399662186967e-01 -1.10000000000000e+00
1196 5.9800 2.9900 -5.08526179049266e-01 -1.03105651629515e+00
1193 5.9650 2.9825 -4.20542801746374e-01 -9.49016994374940e-01
1194 5.9700 2.9850 -4.51519645296316e-01 -1.07105651629515e+00
1191 5.9550 2.9775 -3.76435784106071e-01 -4.89016994374959e-01
1192 5.9600 2.9800 -3.94119092114947e-01 -7.47785252292473e-01
1189 5.9450 2.9725 -3.79347059772256e-01 8.90169943749675e-02
1190 5.9500 2.9750 -3.70806723592626e-01 -2.00000000000024e-01
1187 5.9350 2.9675 -4.40292788218228e-01 5.49016994374976e-01
1188 5.9400 2.9700 -4.02765262479617e-01 3.47785252292481e-01
1185 5.9250 2.9625 -5.47799017030038e-01 6.99999999999999e-01
1186 5.9300 2.9650 -4.89758277347887e-01 6.71056516295165e-01
1183 5.9150 2.9575 -6.72251242090372e-01 4.69016994374946e-01
1184 5.9200 2.9600 -6.10188967881539e-01 6.31056516295149e-01
1181 5.9050 2.9525 -7.77169649223941e-01 -7.09830056250298e-02
1182 5.9100 2.9550 -7.29314653913636e-01 2.27785252292482e-01
1179 5.8950 2.9475 -8.33102930474086e-01 -7.29016994375012e-01
1180 5.9000 2.9500 -8.12478981403886e-01 -3.99999999999963e-01
1177 5.8850 2.9425 -8.28833326028365e-01 -1.26901699437497e+00
1178 5.8900 2.9450 -8.38307227279039e-01 -1.02778525229252e+00
1175 5.8750 2.9375 -7.75612523926830e-01 -1.50000000000000e+00
1176 5.8800 2.9400 -8.06824142611036e-01 -1.43105651629516e+00
1173 5.8650 2.9325 -7.02809981814574e-01 -1.34901699437495e+00
1174 5.8700 2.9350 -7.39393150123172e-01 -1.47105651629515e+00
1171 5.8550 2.9275 -6.46635350131260e-01 -8.89016994374978e-01
1172 5.8600 2.9300 -6.70499631186556e-01 -1.14778525229249e+00
1169 5.8450 2.9225 -6.36242081315026e-01 -3.10983005625001e-01
1170 5.8500 2.9250 -6.34516267919072e-01 -5.99999999999991e-01
1167 5.8350 2.9175 -6.82519549469128e-01 1.49016994374965e-01
1168 5.8400 2.9200 -6.52505035099527e-01 -5.22147477074929e-02
1165 5.8250 2.9125 -7.73854021309155e-01 3.00000000000001e-01
1166 5.8300 2.9150 -7.24096376661332e-01 2.71056516295159e-01
1163 5.8150 2.9075 -8.80476884308099e-01 6.90169943749604e-02
1164 5.8200 2.9100 -8.27546722374612e-01 2.31056516295157e-01
1161 5.8050 2.9025 -9.65738419768995e-01 -4.70983005625066e-01
1162 5.8100 2.9050 -9.27951578242260e-01 -1.72214747707549e-01
1159 5.7950 2.8975 -1.00000000000000e+00 -1.12901699437499e+00
1160 5.8000 2.9000 -9.90476190476191e-01 -8.00000000000001e-01
1157 5.7850 2.8925 -1.00000000000000e+00 -1.66901699437496e+00
1158 5.7900 2.8950 -1.00000000000000e+00 -1.42778525229250e+00
1155 5.7750 2.8875 -9.87786799910359e-01 -1.90000000000000e+00
1156 5.7800 2.8900 -1.00000000000000e+00 -1.83105651629515e+00
1153 5.7650 2.8825 -8.95732121086407e-01 -1.74901699437493e+00
1154 5.7700 2.8850 -9.42176139905870e-01 -1.87105651629514e+00
1151 5.7550 2.8775 -8.18332008678458e-01 -1.28901699437495e+00
1152 5.7600 2.8800 -8.53067877421982e-01 -1.54778525229246e+00
1149 5.7450 2.8725 -7.84537647363316e-01 -7.10983005625020e-01
1150 5.7500 2.8750 -7.94797759393634e-01 -1.00000000000001e+00
1147 5.7350 2.8675 -8.05015411037366e-01 -2.50983005625046e-01
1148 5.7400 2.8700 -7.88215379450230e-01 -4.52214747707509e-01
1145 5.7250 2.8625 -8.67905708688144e-01 -1.00000000000001e-01
1146 5.7300 2.8650 -8.32717031307982e-01 -1.28943483704846e-01
1143 5.7150 2.8575 -9.43168869643434e-01 -3.30983005625062e-01
1144 5.7200 2.8600 -9.06300994122550e-01 -1.68943483704856e-01
1141 5.7050 2.8525 -9.93856333601193e-01 -8.70983005625044e-01
1142 5.7100 2.8550 -9.73778162844352e-01 -5.72214747707530e-01
1139 5.6950 2.8475 -1.00000000000000e+00 -1.52901699437497e+00
1140 5.7000 2.8500 -1.00000000000000e+00 -1.19999999999998e+00
1137 5.6850 2.8425 -1.00000000000000e+00 -2.06901699437498e+00
1138 5.6900 2.8450 -1.00000000000000e+00 -1.82778525229248e+00
1135 5.6750 2.8375 -1.00000000000000e+00 -2.30000000000000e+00
1136 5.6800 2.8400 -1.00000000000000e+00 -2.23105651629517e+00
1133 5.6650 2.8325 -1.00000000000000e+00 -2.14901699437494e+00
1134 5.6700 2.8350 -1.00000000000000e+00 -2.27105651629515e+00
1131 5.6550 2.8275 -9.76538385489718e-01 -1.68901699437497e+00
1132 5.6600 2.8300 -1.00000000000000e+00 -1.94778525229248e+00
1129 5.6450 2.8225 -9.17960177797724e-01 -1.11098300562499e+00
1130 5.6500 2.8250 -9.40914455045457e-01 -1.40000000000003e+00
1127 5.6350 2.8175 -9.11113750841305e-01 -6.50983005625028e-01
1128 5.6400 2.8200 -9.08309036406361e-01 -8.52214747707483e-01
1125 5.6250 2.8125 -9.43879128321982e-01 -5.00000000000000e-01
1126 5.6300 2.8150 -9.24120288102119e-01 -5.28943483704837e-01
1123 5.6150 2.8075 -9.85929564789742e-01 -7.30983005625048e-01
1124 5.6200 2.8100 -9.66073084738081e-01 -5.68943483704848e-01
1121 5.6050 2.8025 -1.00000000000000e+00 -1.27098300562502e+00
1122 5.6100 2.8050 -9.98676892747977e-01 -9.72214747707511e-01
1119 5.5950 2.7975 -1.00000000000000e+00 -1.92901699437495e+00
1120 5.6000 2.8000 -1.00000000000000e+00 -1.60000000000002e+00
1117 5.5850 2.7925 -1.00000000000000e+00 -2.46901699437497e+00
1118 5.5900 2.7950 -1.00000000000000e+00 -2.22778525229251e+00
1115 5.5750 2.7875 -1.00000000000000e+00 -2.70000000000000e+00
1116 5.5800 2.7900 -1.00000000000000e+00 -2.63105651629516e+00
1113 5.5650 2.7825 -1.00000000000000e+00 -2.54901699437496e+00
1114 5.5700 2.7850 -1.00000000000000e+00 -2.67105651629515e+00
1111 5.5550 2.7775 -1.00000000000000e+00 -2.08901699437493e+00
1112 5.5600 2.7800 -1.00000000000000e+00 -2.34778525229245e+00
1109 5.5450 2.7725 -1.00000000000000e+00 -1.51098300562506e+00
1110 5.5500 2.7750 -1.00000000000000e+00 -1.80000000000000e+00
1107 5.5350 2.7675 -9.93608542793429e-01 -1.05098300562504e+00
1108 5.5400 2.7700 -1.00000000000000e+00 -1.25221474770750e+00
1105 5.5250 2.7625 -9.93829636449199e-01 -8.99999999999999e-01
1106 5.5300 2.7650 -9.90739819651849e-01 -9.28943483704842e-01
1103 5.5150 2.7575 -1.00000000000000e+00 -1.13098300562507e+00
1104 5.5200 2.7600 -9.98521118271660e-01 -9.68943483704861e-01
1101 5.5050 2.7525 -1.00000000000000e+00 -1.67098300562506e+00
1102 5.5100 2.7550 -1.00000000000000e+00 -1.37221474770754e+00
1099 5.4950 2.7475 -1.00000000000000e+00 -2.28901699437493e+00
1100 5.5000 2.7500 -1.00000000000000e+00 -1.99999999999999e+00
1097 5.4850 2.7425 -1.00000000000000e+00 -2.74901699437496e+00
1098 5.4900 2.7450 -1.00000000000000e+00 -2.54778525229249e+00
1095 5.4750 2.7375 -1.00000000000000e+00 -2.90000000000000e+00
1096 5.4800 2.7400 -1.00000000000000e+00 -2.87105651629515e+00
1093 5.4650 2.7325 -1.00000000000000e+00 -2.66901699437494e+00
1094 5.4700 2.7350 -1.00000000000000e+00 -2.83105651629514e+00
1091 5.4550 2.7275 -1.00000000000000e+00 -2.12901699437495e+00
1092 5.4600 2.7300 -1.00000000000000e+00 -2.42778525229247e+00
1089 5.4450 2.7225 -9.90591043113191e-01 -1.47098300562508e+00
1090 5.4500 2.7250 -1.00000000000000e+00 -1.80000000000002e+00
1087 5.4350 2.7175 -9.56289279851599e-01 -9.30983005625017e-01
1088 5.4400 2.7200 -9.66571444987597e-01 -1.17221474770752e+00
1085 5.4250 2.7125 -9.66985149055833e-01 -6.99999999999999e-01
1086 5.4300 2.7150 -9.57554593562928e-01 -7.68943483704831e-01
1083 5.4150 2.7075 -9.92903952648812e-01 -8.50983005625057e-01
1084 5.4200 2.7100 -9.80334406508624e-01 -7.28943483704852e-01
1081 5.4050 2.7025 -1.00000000000000e+00 -1.31098300562504e+00
1082 5.4100 2.7050 -1.00000000000000e+00 -1.05221474770752e+00
1079 5.3950 2.6975 -1.00000000000000e+00 -1.88901699437496e+00
1080 5.4000 2.7000 -1.00000000000000e+00 -1.59999999999997e+00
1077 5.3850 2.6925 -1.00000000000000e+00 -2.34901699437497e+00
1078 5.3900 2.6950 -1.00000000000000e+00 -2.14778525229252e+00
1075 5.3750 2.6875 -1.00000000000000e+00 -2.50000000000000e+00
1076 5.3800 2.6900 -1.00000000000000e+00 -2.47105651629516e+00
1073 5.3650 2.6825 -1.00000000000000e+00 -2.26901699437495e+00
1074 5.3700 2.6850 -1.00000000000000e+00 -2.43105651629515e+00
1071 5.3550 2.6775 -8.96438216771472e-01 -1.72901699437498e+00
1072 5.3600 2.6800 -9.50311916014401e-01 -2.02778525229249e+00
1069 5.3450 2.6725 -8.27549741917846e-01 -1.07098300562505e+00
1070 5.3500 2.6750 -8.54809277891290e-01 -1.39999999999998e+00
1067 5.3350 2.6675 -8.17536245679194e-01 -5.30983005625031e-01
1068 5.3400 2.6700 -8.15378078732487e-01 -7.72214747707487e-01
1065 5.3250 2.6625 -8.55009928978391e-01 -3.00000000000001e-01
1066 5.3300 2.6650 -8.31863907681901e-01 -3.68943483704839e-01
1063 5.3150 2.6575 -9.10451273176063e-01 -4.50983005625046e-01
1064 5.3200 2.6600 -8.82760425427310e-01 -3.28943483704847e-01
1061 5.3050 2.6525 -9.47485183586305e-01 -9.10983005625069e-01
1062 5.3100 2.6550 -9.33424686553618e-01 -6.52214747707550e-01
1059 5.2950 2.6475 -9.36775807435125e-01 -1.48901699437494e+00
1060 5.3000 2.6500 -9.49310292484367e-01 -1.20000000000001e+00
1057 5.2850 2.6425 -8.67232672976383e-01 -1.94901699437496e+00
1058 5.2900 2.6450 -9.09163748088135e-01 -1.74778525229250e+00
1055 5.2750 2.6375 -7.50247804234329e-01 -2.10000000000000e+00
1056 5.2800 2.6400 -8.13143456906456e-01 -2.07105651629516e+00
1053 5.2650 2.6325 -6.15345378438539e-01 -1.86901699437493e+00
1054 5.2700 2.6350 -6.82760194446034e-01 -2.03105651629514e+00
1051 5.2550 2.6275 -4.98905625138227e-01 -1.32901699437494e+00
1052 5.2600 2.6300 -5.52661797641721e-01 -1.62778525229246e+00
1049 5.2450 2.6225 -4.30270059572530e-01 -6.70983005625070e-01
1050 5.2500 2.6250 -4.57400056676393e-01 -1.00000000000000e+00
1047 5.2350 2.6175 -4.20535395733636e-01 -1.30983005625045e-01
1048 5.2400 2.6200 -4.18234412269903e-01 -3.72214747707506e-01
1045 5.2250 2.6125 -4.58316491866893e-01 1.00000000000001e-01
1046 5.2300 2.6150 -4.35013015239065e-01 3.10565162951525e-02
1043 5.2150 2.6075 -5.14096758226401e-01 -5.09830056250647e-02
1044 5.2200 2.6100 -4.86232316460237e-01 7.10565162951440e-02
1041 5.2050 2.6025 -5.51504330799659e-01 -5.10983005625050e-01
1042 5.2100 2.6050 -5.37252445856467e-01 -2.52214747707534e-01
1039 5.1950 2.5975 -5.41206917028494e-01 -1.08901699437492e+00
1040 5.2000 2.6000 -5.53530397058390e-01 -7.99999999999985e-01
1037 5.1850 2.5925 -4.72117971232220e-01 -1.54901699437498e+00
1038 5.1900 2.5950 -5.13816413161173e-01 -1.34778525229249e+00
1035 5.1750 2.5875 -3.55633845328178e-01 -1.70000000000000e+00
1036 5.1800 2.5900 -4.18273020075083e-01 -1.67105651629517e+00
1033 5.1650 2.5825 -2.21283488678084e-01 -1.46901699437494e+00
1034 5.1700 2.5850 -2.88415537594588e-01 -1.63105651629515e+00
1031 5.1550 2.5775 -1.05452391499201e-01 -9.29016994374962e-01
1032 5.1600 2.5800 -1.58896813393242e-01 -1.22778525229247e+00
1029 5.1450 2.5725 -3.74878694364142e-02 -2.70983005625034e-01
1030 5.1500 2.5750 -6.42741613554135e-02 -6.00000000000028e-01
1027 5.1350 2.5675 -2.84930309007022e-02 2.69016994374978e-01
1028 5.1400 2.5700 -2.58131126269835e-02 2.77852522924789e-02
1025 5.1250 2.5625 -6.70897845958184e-02 5.00000000000000e-01
1026 5.1300 2.5650 -4.33685321644859e-02 4.31056516295166e-01
1023 5.1150 2.5575 -1.23769313350614e-01 3.49016994374946e-01
1024 5.1200 2.5600 -9.54442738256087e-02 4.71056516295149e-01
1021 5.1050 2.5525 -1.62168322793761e-01 -1.10983005625031e-01
1022 5.1100 2.5550 -1.47408628736891e-01 1.47785252292482e-01
1019 5.0950 2.5475 -1.52963968094765e-01 -6.89016994374953e-01
1020 5.1000 2.5500 -1.64727588652198e-01 -4.00000000000018e-01
1017 5.0850 2.5425 -8.50801200083166e-02 -1.14901699437497e+00
1018 5.0900 2.5450 -1.26161316780756e-01 -9.47785252292468e-01
1015 5.0750 2.5375 3.00753857045144e-02 -1.30000000000000e+00
1016 5.0800 2.5400 -3.18832762899851e-02 -1.27105651629516e+00
1013 5.0650 2.5325 1.62960938552196e-01 -1.06901699437496e+00
1014 5.0700 2.5350 9.65791549897387e-02 -1.23105651629515e+00
1011 5.0550 2.5275 2.77177089570324e-01 -5.29016994374926e-01
1012 5.0600 2.5300 2.24559835198564e-01 -8.27785252292444e-01
1009 5.0450 2.5225 3.43361133455038e-01 1.29016994374944e-01
1010 5.0500 2.5250 3.17486793767585e-01 -1.99999999999990e-01
1007 5.0350 2.5175 3.50392994813550e-01 6.69016994374964e-01
1008 5.0400 2.5200 3.54078340409042e-01 4.27785252292460e-01
1005 5.0250 2.5125 3.09632058762054e-01 8.99999999999999e-01
1006 5.0300 2.5150 3.34461794835480e-01 8.31056516295158e-01
1003 5.0150 2.5075 2.50566518969856e-01 7.49016994374928e-01
1004 5.0200 2.5100 2.80113661700152e-01 8.71056516295140e-01
1001 5.0050 2.5025 2.09536932344775e-01 2.89016994374938e-01
1002 5.0100 2.5050 2.25643995199603e-01 5.47785252292455e-01
0999 4.9950 2.4975 2.15841075705231e-01 -2.89016994374934e-01
1000 5.0000 2.5000 2.05562929243266e-01 1.96438672372847e-15
0997 4.9850 2.4925 2.80527440784253e-01 -7.49016994374959e-01
0998 4.9900 2.4950 2.41083979209239e-01 -5.47785252292452e-01
0995 4.9750 2.4875 3.92157721484026e-01 -8.99999999999999e-01
0996 4.9800 2.4900 3.32004662542212e-01 -8.71056516295157e-01
0993 4.9650 2.4825 5.21156713750872e-01 -6.69016994374932e-01
0994 4.9700 2.4850 4.56765607558226e-01 -8.31056516295141e-01
0991 4.9550 2.4775 6.31087931729624e-01 -1.29016994374948e-01
0992 4.9600 2.4800 5.80665399157161e-01 -4.27785252292463e-01
0989 4.9450 2.4725 6.92547836936589e-01 5.29016994374922e-01
0990 4.9500 2.4750 6.69093178034852e-01 1.99999999999987e-01
0987 4.9350 2.4675 6.94371335403279e-01 1.06901699437499e+00
0988 4.9400 2.4700 7.00724379064672e-01 8.27785252292441e-01
0985 4.9250 2.4625 6.47868179262669e-01 1.30000000000000e+00
0986 4.9300 2.4650 6.75639052454694e-01 1.23105651629517e+00
0983 4.9150 2.4575 5.82471841822336e-01 1.14901699437494e+00
0984 4.9200 2.4600 6.15261588225804e-01 1.27105651629515e+00
0981 4.9050 2.4525 5.34462550789819e-01 6.89016994374957e-01
0982 4.9100 2.4550 5.54144584194707e-01 9.47785252292471e-01
0979 4.8950 2.4475 5.33071570041090e-01 1.10983005625034e-01
0980 4.9000 2.4500 5.26734828610562e-01 4.00000000000022e-01
0977 4.8850 2.4425 5.89274060789610e-01 -3.49016994374978e-01
0978 4.8900 2.4450 5.54175998261892e-01 -1.47785252292479e-01
0975 4.8750 2.4375 6.91550870039987e-01 -5.00000000000000e-01
0976 4.8800 2.4400 6.36188613547839e-01 -4.71056516295166e-01
0973 4.8650 2.4325 8.10237660033841e-01 -2.69016994374947e-01
0974 4.8700 2.4350 7.51128413541986e-01 -4.31056516295149e-01
0971 4.8550 2.4275 9.08799675006617e-01 2.70983005625030e-01
0972 4.8600 2.4300 8.64200392754279e-01 -2.77852522924821e-02
0969 4.8450 2.4225 9.57725033899484e-01 9.29016994374958e-01
0970 4.8500 2.4250 9.40690508475701e-01 6.00000000000024e-01
0967 4.8350 2.4175 9.45729195054873e-01 1.46901699437497e+00
0968 4.8400 2.4200 9.59160435875710e-01 1.22778525229247e+00
0965 4.8250 2.4125 8.83990219528554e-01 1.70000000000000e+00
0966 4.8300 2.4150 9.19564805088868e-01 1.63105651629516e+00
0963 4.8150 2.4075 8.01796391215475e-01 1.54901699437495e+00
0964 4.8200 2.4100 8.43189730504983e-01 1.67105651629515e+00
0961 4.8050 2.4025 7.35267866495749e-01 1.08901699437493e+00
0962 4.8100 2.4050 7.64435361057496e-01 1.34778525229245e+00
0959 4.7950 2.3975 7.13459430606880e-01 5.10983005625053e-01
0960 4.8000 2.4000 7.17580410101790e-01 7.99999999999989e-01
0957 4.7850 2.3925 7.47151677063393e-01 5.09830056250671e-02
0958 4.7900 2.3950 7.23583251855972e-01 2.52214747707537e-01
0955 4.7750 2.3875 8.24610941981831e-01 -1.00000000000001e-01
0956 4.7800 2.3900 7.81960110635308e-01 -7.10565162951604e-02
0953 4.7650 2.3825 9.15936389349732e-01 1.30983005625076e-01
0954 4.7700 2.3850 8.70841489080930e-01 -3.10565162951362e-02
0951 4.7550 2.3775 9.84332524077384e-01 6.70983005625066e-01
0952 4.7600 2.3800 9.55184058535964e-01 3.72214747707549e-01
0949 4.7450 2.3725 1.00000000000000e+00 1.32901699437494e+00
0950 4.7500 2.3750 1.00000000000000e+00 1.00000000000000e+00
0947 4.7350 2.3675 1.00000000000000e+00 1.86901699437492e+00
0948 4.7400 2.3700 1.00000000000000e+00 1.62778525229245e+00
0945 4.7250 2.3625 1.00000000000000e+00 2.10000000000000e+00
0946 4.7300 2.3650 1.00000000000000e+00 2.03105651629515e+00
0943 4.7150 2.3575 9.87785660786556e-01 1.94901699437493e+00
0944 4.7200 2.3600 1.00000000000000e+00 2.07105651629514e+00
0941 4.7050 2.3525 8.99321036197873e-01 1.48901699437494e+00
0942 4.7100 2.3550 9.39724094107138e-01 1.74778525229246e+00
0939 4.6950 2.3475 8.53328050203470e-01 9.10983005625073e-01
0940 4.7000 2.3500 8.69836238289020e-01 1.20000000000001e+00
0937 4.6850 2.3425 8.60356830168634e-01 4.50983005625048e-01
0938 4.6900 2.3450 8.50445302432390e-01 6.52214747707553e-01
0935 4.6750 2.3375 9.08419623280361e-01 3.00000000000001e-01
0936 4.6800 2.3400 8.80825521395813e-01 3.28943483704831e-01
0933 4.6650 2.3325 9.67335460481354e-01 5.30983005625062e-01
0934 4.6700 2.3350 9.38840604444379e-01 3.68943483704856e-01
0931 4.6550 2.3275 1.00000000000000e+00 1.07098300562504e+00
0932 4.6600 2.3300 9.89153083224168e-01 7.72214747707530e-01
0929 4.6450 2.3225 1.00000000000000e+00 1.72901699437497e+00
0930 4.6500 2.3250 1.00000000000000e+00 1.39999999999998e+00
0927 4.6350 2.3175 1.00000000000000e+00 2.26901699437495e+00
0928 4.6400 2.3200 1.00000000000000e+00 2.02778525229248e+00
0925 4.6250 2.3125 1.00000000000000e+00 2.50000000000000e+00
0926 4.6300 2.3150 1.00000000000000e+00 2.43105651629517e+00
0923 4.6150 2.3075 1.00000000000000e+00 2.34901699437494e+00
0924 4.6200 2.3100 1.00000000000000e+00 2.47105651629515e+00
0921 4.6050 2.3025 1.00000000000000e+00 1.88901699437496e+00
0922 4.6100 2.3050 1.00000000000000e+00 2.14778525229248e+00
0919 4.5950 2.2975 9.76764219393477e-01 1.31098300562504e+00
0920 4.6000 2.3000 1.00000000000000e+00 1.59999999999998e+00
0917 4.5850 2.2925 9.55445206700618e-01 8.50983005625060e-01
0918 4.5900 2.2950 9.60053280081899e-01 1.05221474770753e+00
0915 4.5750 2.2875 9.72254558406873e-01 6.99999999999999e-01
0916 4.5800 2.2900 9.60668316754396e-01 7.28943483704836e-01
0913 4.5650 2.2825 9.96713476458335e-01 9.30983005625048e-01
0914 4.5700 2.2850 9.85867286327217e-01 7.68943483704848e-01
0911 4.5550 2.2775 1.00000000000000e+00 1.47098300562508e+00
0912 4.5600 2.2800 1.00000000000000e+00 1.17221474770756e+00
0909 4.5450 2.2725 1.00000000000000e+00 2.12901699437495e+00
0910 4.5500 2.2750 1.00000000000000e+00 1.80000000000002e+00
0907 4.5350 2.2675 1.00000000000000e+00 2.66901699437493e+00
0908 4.5400 2.2700 1.00000000000000e+00 2.42778525229246e+00
0905 4.5250 2.2625 1.00000000000000e+00 2.90000000000000e+00
0906 4.5300 2.2650 1.00000000000000e+00 2.83105651629516e+00
0903 4.5150 2.2575 1.00000000000000e+00 2.74901699437492e+00
0904 4.5200 2.2600 1.00000000000000e+00 2.87105651629514e+00
0901 4.5050 2.2525 1.00000000000000e+00 2.28901699437493e+00
0902 4.5100 2.2550 1.00000000000000e+00 2.54778525229245e+00
0899 4.4950 2.2475 1.00000000000000e+00 1.67098300562506e+00
0900 4.5000 2.2500 1.00000000000000e+00 2.00000000000000e+00
0897 4.4850 2.2425 9.97586720610288e-01 1.13098300562507e+00
0898 4.4900 2.2450 1.00000000000000e+00 1.37221474770754e+00
0895 4.4750 2.2375 9.92015577492284e-01 8.99999999999999e-01
0896 4.4800 2.2400 9.90916906359549e-01 9.68943483704845e-01
0893 4.4650 2.2325 1.00000000000000e+00 1.05098300562507e+00
0894 4.4700 2.2350 9.96616356366898e-01 9.28943483704859e-01
0891 4.4550 2.2275 1.00000000000000e+00 1.51098300562506e+00
0892 4.4600 2.2300 1.00000000000000e+00 1.25221474770754e+00
0889 4.4450 2.2225 1.00000000000000e+00 2.08901699437493e+00
0890 4.4500 2.2250 1.00000000000000e+00 1.79999999999999e+00
0887 4.4350 2.2175 1.00000000000000e+00 2.54901699437495e+00
0888 4.4400 2.2200 1.00000000000000e+00 2.34778525229245e+00
0885 4.4250 2.2125 1.00000000000000e+00 2.70000000000000e+00
0886 4.4300 2.2150 1.00000000000000e+00 2.67105651629517e+00
0883 4.4150 2.2075 1.00000000000000e+00 2.46901699437494e+00
0884 4.4200 2.2100 1.00000000000000e+00 2.63105651629514e+00
0881 4.4050 2.2025 1.00000000000000e+00 1.92901699437495e+00
0882 4.4100 2.2050 1.00000000000000e+00 2.22778525229247e+00
0879 4.3950 2.1975 9.27725964230498e-01 1.27098300562503e+00
0880 4.4000 2.2000 9.59739014262455e-01 1.60000000000002e+00
0877 4.3850 2.1925 9.07480530517250e-01 7.30983005625051e-01
0878 4.3900 2.1950 9.10563112160772e-01 9.72214747707514e-01
0875 4.3750 2.1875 9.33673503070344e-01 5.00000000000000e-01
0876 4.3800 2.1900 9.16305406761860e-01 5.68943483704849e-01
0873 4.3650 2.1825 9.76677862952441e-01 6.50983005625059e-01
0874 4.3700 2.1850 9.55357178223861e-01 5.28943483704853e-01
0871 4.3550 2.1775 1.00000000000000e+00 1.11098300562504e+00
0872 4.3600 2.1800 9.92962605818809e-01 8.52214747707525e-01
0869 4.3450 2.1725 1.00000000000000e+00 1.68901699437496e+00
0870 4.3500 2.1750 1.00000000000000e+00 1.40000000000003e+00
0867 4.3350 2.1675 1.00000000000000e+00 2.14901699437494e+00
0868 4.3400 2.1700 1.00000000000000e+00 1.94778525229248e+00
0865 4.3250 2.1625 9.49112888168268e-01 2.30000000000000e+00
0866 4.3300 2.1650 1.00000000000000e+00 2.27105651629515e+00
0863 4.3150 2.1575 8.14094132467117e-01 2.06901699437495e+00
0864 4.3200 2.1600 8.81568532576683e-01 2.23105651629515e+00
0861 4.3050 2.1525 6.97526126243372e-01 1.52901699437492e+00
0862 4.3100 2.1550 7.51347989371715e-01 1.82778525229244e+00
0859 4.2950 2.1475 6.28749162023883e-01 8.70983005625047e-01
0860 4.3000 2.1500 6.55951582836795e-01 1.19999999999998e+00
0857 4.2850 2.1425 6.18858605963193e-01 3.30983005625065e-01
0858 4.2900 2.1450 6.16637469843825e-01 5.72214747707533e-01
0855 4.2750 2.1375 6.56467831137574e-01 1.00000000000001e-01
0856 4.2800 2.1400 6.33252385980099e-01 1.68943483704857e-01
0853 4.2650 2.1325 7.12058609653792e-01 2.50983005625077e-01
0854 4.2700 2.1350 6.84291222694457e-01 1.28943483704862e-01
0851 4.2550 2.1275 7.49257271986290e-01 7.10983005625071e-01
0852 4.2600 2.1300 7.35112389855227e-01 4.52214747707552e-01
0849 4.2450 2.1225 7.38729534576267e-01 1.28901699437494e+00
0850 4.2500 2.1250 7.51170985304351e-01 1.00000000000001e+00
0847 4.2350 2.1175 6.69386657071791e-01 1.74901699437493e+00
0848 4.2400 2.1200 7.11215161586334e-01 1.54778525229246e+00
0845 4.2250 2.1125 5.52622571407188e-01 1.90000000000000e+00
0846 4.2300 2.1150 6.15405140206636e-01 1.87105651629514e+00
0843 4.2150 2.1075 4.17963559172873e-01 1.66901699437493e+00
0844 4.2200 2.1100 4.85253699977549e-01 1.83105651629514e+00
0841 4.2050 2.1025 3.01792169172058e-01 1.12901699437494e+00
0842 4.2100 2.1050 3.55410887412771e-01 1.42778525229246e+00
0839 4.1950 2.0975 2.33452474316260e-01 4.70983005625069e-01
0840 4.2000 2.1000 2.60430927911914e-01 8.00000000000005e-01
0837 4.1850 2.0925 2.24044007755261e-01 -6.90169943749581e-02
0838 4.1900 2.0950 2.21575947750819e-01 1.72214747707552e-01
0835 4.1750 2.0875 2.62184736574319e-01 -3.00000000000001e-01
0836 4.1800 2.0900 2.38697057861772e-01 -2.31056516295156e-01
0833 4.1650 2.0825 3.18361497889359e-01 -1.49016994374934e-01
0834 4.1700 2.0850 2.90293973403034e-01 -2.71056516295143e-01
0831 4.1550 2.0775 3.56206206245564e-01 3.10983005625051e-01
0832 4.1600 2.0800 3.41730422502573e-01 5.22147477075356e-02
0829 4.1450 2.0725 3.46390734591327e-01 8.89016994374974e-01
0830 4.1500 2.0750 3.58467366276589e-01 5.99999999999987e-01
0827 4.1350 2.0675 2.77833130069322e-01 1.34901699437495e+00
0828 4.1400 2.0700 3.19259421602146e-01 1.14778525229249e+00
0825 4.1250 2.0625 1.61934807882517e-01 1.50000000000000e+00
0826 4.1300 2.0650 2.24273936854042e-01 1.47105651629515e+00
0823 4.1150 2.0575 2.82302998767336e-02 1.26901699437494e+00
0824 4.1200 2.0600 9.50315482766443e-02 1.43105651629515e+00
0821 4.1050 2.0525 -8.68887492049000e-02 7.29016994374962e-01
0822 4.1100 2.0550 -3.38090348481754e-02 1.02778525229247e+00
0819 4.0950 2.0475 -1.54068238202592e-01 7.09830056250336e-02
0820 4.1000 2.0500 -1.27684036383899e-01 3.99999999999967e-01
0817 4.0850 2.0425 -1.62197577798885e-01 -4.69016994374944e-01
0818 4.0900 2.0450 -1.65320800393973e-01 -2.27785252292479e-01
0815 4.0750 2.0375 -1.22646611503576e-01 -6.99999999999999e-01
0816 4.0800 2.0400 -1.46856606970083e-01 -6.31056516295148e-01
0813 4.0650 2.0325 -6.49150633678530e-02 -5.49016994374962e-01
0814 4.0700 2.0350 -9.37789420787551e-02 -6.71056516295157e-01
0811 4.0550 2.0275 -2.53562025436340e-02 -8.90169943749172e-02
0812 4.0600 2.0300 -4.07099668174937e-02 -3.47785252292438e-01
0809 4.0450 2.0225 -3.32818210996359e-02 4.89016994374955e-01
0810 4.0500 2.0250 -2.21731629520699e-02 2.00000000000020e-01
0807 4.0350 2.0175 -9.97558625816088e-02 9.49016994374955e-01
0808 4.0400 2.0200 -5.93967618733649e-02 7.47785252292470e-01
0805 4.0250 2.0125 -2.13357056515648e-01 1.10000000000000e+00
0806 4.0300 2.0150 -1.52194505429436e-01 1.07105651629515e+00
0803 4.0150 2.0075 -3.44528980623251e-01 8.69016994374935e-01
0804 4.0200 2.0100 -2.79024909341441e-01 1.03105651629514e+00
0801 4.0050 2.0025 -4.56855855956433e-01 3.29016994374926e-01
0802 4.0100 2.0050 -4.05206279373159e-01 6.27785252292444e-01
0799 3.9950 1.9975 -5.20956973396643e-01 -3.29016994374944e-01
0800 4.0000 2.0000 -4.96149498473000e-01 -9.79717439317883e-15
0797 3.9850 1.9925 -5.25692408350489e-01 -8.69016994374965e-01
0798 3.9900 1.9950 -5.30553972347728e-01 -6.27785252292460e-01
0795 3.9750 1.9875 -4.82399662186970e-01 -1.10000000000000e+00
0796 3.9800 1.9900 -5.08526179049266e-01 -1.03105651629516e+00
0793 3.9650 1.9825 -4.20542801746375e-01 -9.49016994374943e-01
0794 3.9700 1.9850 -4.51519645296320e-01 -1.07105651629516e+00
0791 3.9550 1.9775 -3.76435784106072e-01 -4.89016994374936e-01
0792 3.9600 1.9800 -3.94119092114947e-01 -7.47785252292454e-01
0789 3.9450 1.9725 -3.79347059772261e-01 8.90169943749610e-02
0790 3.9500 1.9750 -3.70806723592629e-01 -2.00000000000000e-01
0787 3.9350 1.9675 -4.40292788218226e-01 5.49016994374959e-01
0788 3.9400 1.9700 -4.02765262479622e-01 3.47785252292475e-01
0785 3.9250 1.9625 -5.47799017030039e-01 6.99999999999999e-01
0786 3.9300 1.9650 -4.89758277347884e-01 6.71056516295156e-01
0783 3.9150 1.9575 -6.72251242090373e-01 4.69016994374949e-01
0784 3.9200 1.9600 -6.10188967881540e-01 6.31056516295150e-01
0781 3.9050 1.9525 -7.77169649223946e-01 -7.09830056250810e-02
0782 3.9100 1.9550 -7.29314653913638e-01 2.27785252292463e-01
0779 3.8950 1.9475 -8.33102930474082e-01 -7.29016994374951e-01
0780 3.9000 1.9500 -8.12478981403889e-01 -4.00000000000017e-01
0777 3.8850 1.9425 -8.28833326028367e-01 -1.26901699437497e+00
0778 3.8900 1.9450 -8.38307227279039e-01 -1.02778525229247e+00
0775 3.8750 1.9375 -7.75612523926831e-01 -1.50000000000000e+00
0776 3.8800 1.9400 -8.06824142611037e-01 -1.43105651629516e+00
0773 3.8650 1.9325 -7.02809981814575e-01 -1.34901699437495e+00
0774 3.8700 1.9350 -7.39393150123174e-01 -1.47105651629515e+00
0771 3.8550 1.9275 -6.46635350131260e-01 -8.89016994374930e-01
0772 3.8600 1.9300 -6.70499631186554e-01 -1.14778525229245e+00
0769 3.8450 1.9225 -6.36242081315031e-01 -3.10983005625058e-01
0770 3.8500 1.9250 -6.34516267919077e-01 -5.99999999999994e-01
0767 3.8350 1.9175 -6.82519549469131e-01 1.49016994374962e-01
0768 3.8400 1.9200 -6.52505035099531e-01 -5.22147477075199e-02
0765 3.8250 1.9125 -7.73854021309158e-01 3.00000000000001e-01
0766 3.8300 1.9150 -7.24096376661335e-01 2.71056516295158e-01
0763 3.8150 1.9075 -8.80476884308107e-01 6.90169943749448e-02
0764 3.8200 1.9100 -8.27546722374620e-01 2.31056516295148e-01
0761 3.8050 1.9025 -9.65738419768993e-01 -4.70983005625059e-01
0762 3.8100 1.9050 -9.27951578242258e-01 -1.72214747707543e-01
0759 3.7950 1.8975 -1.00000000000000e+00 -1.12901699437496e+00
0760 3.8000 1.9000 -9.90476190476192e-01 -8.00000000000024e-01
0757 3.7850 1.8925 -1.00000000000000e+00 -1.66901699437494e+00
0758 3.7900 1.8950 -1.00000000000000e+00 -1.42778525229247e+00
0755 3.7750 1.8875 -9.87786799910357e-01 -1.90000000000000e+00
0756 3.7800 1.8900 -1.00000000000000e+00 -1.83105651629516e+00
0753 3.7650 1.8825 -8.95732121086413e-01 -1.74901699437495e+00
0754 3.7700 1.8850 -9.42176139905876e-01 -1.87105651629515e+00
0751 3.7550 1.8775 -8.18332008678460e-01 -1.28901699437492e+00
0752 3.7600 1.8800 -8.53067877421983e-01 -1.54778525229247e+00
0749 3.7450 1.8725 -7.84537647363320e-01 -7.10983005625052e-01
0750 3.7500 1.8750 -7.94797759393637e-01 -9.99999999999987e-01
0747 3.7350 1.8675 -8.05015411037369e-01 -2.50983005625051e-01
0748 3.7400 1.8700 -7.88215379450233e-01 -4.52214747707536e-01
0745 3.7250 1.8625 -8.67905708688141e-01 -9.99999999999996e-02
0746 3.7300 1.8650 -8.32717031307984e-01 -1.28943483704840e-01
0743 3.7150 1.8575 -9.43168869643435e-01 -3.30983005625060e-01
0744 3.7200 1.8600 -9.06300994122547e-01 -1.68943483704844e-01
0741 3.7050 1.8525 -9.93856333601194e-01 -8.70983005625066e-01
0742 3.7100 1.8550 -9.73778162844353e-01 -5.72214747707526e-01
0739 3.6950 1.8475 -1.00000000000000e+00 -1.52901699437497e+00
0740 3.7000 1.8500 -1.00000000000000e+00 -1.20000000000000e+00
0737 3.6850 1.8425 -1.00000000000000e+00 -2.06901699437494e+00
0738 3.6900 1.8450 -1.00000000000000e+00 -1.82778525229248e+00
0735 3.6750 1.8375 -1.00000000000000e+00 -2.30000000000000e+00
0736 3.6800 1.8400 -1.00000000000000e+00 -2.23105651629516e+00
0733 3.6650 1.8325 -1.00000000000000e+00 -2.14901699437495e+00
0734 3.6700 1.8350 -1.00000000000000e+00 -2.27105651629515e+00
0731 3.6550 1.8275 -9.76538385489715e-01 -1.68901699437492e+00
0732 3.6600 1.8300 -1.00000000000000e+00 -1.94778525229248e+00
0729 3.6450 1.8225 -9.17960177797730e-01 -1.11098300562505e+00
0730 3.6500 1.8250 -9.40914455045455e-01 -1.39999999999998e+00
0727 3.6350 1.8175 -9.11113750841306e-01 -6.50983005625047e-01
0728 3.6400 1.8200 -9.08309036406364e-01 -8.52214747707531e-01
0725 3.6250 1.8125 -9.43879128321982e-01 -5.00000000000000e-01
0726 3.6300 1.8150 -9.24120288102118e-01 -5.28943483704839e-01
0723 3.6150 1.8075 -9.85929564789742e-01 -7.30983005625045e-01
0724 3.6200 1.8100 -9.66073084738081e-01 -5.68943483704847e-01
0721 3.6050 1.8025 -1.00000000000000e+00 -1.27098300562507e+00
0722 3.6100 1.8050 -9.98676892747978e-01 -9.72214747707532e-01
0719 3.5950 1.7975 -1.00000000000000e+00 -1.92901699437494e+00
0720 3.6000 1.8000 -1.00000000000000e+00 -1.60000000000001e+00
0717 3.5850 1.7925 -1.00000000000000e+00 -2.46901699437495e+00
0718 3.5900 1.7950 -1.00000000000000e+00 -2.22778525229248e+00
0715 3.5750 1.7875 -1.00000000000000e+00 -2.70000000000000e+00
0716 3.5800 1.7900 -1.00000000000000e+00 -2.63105651629516e+00
0713 3.5650 1.7825 -1.00000000000000e+00 -2.54901699437494e+00
0714 3.5700 1.7850 -1.00000000000000e+00 -2.67105651629515e+00
0711 3.5550 1.7775 -1.00000000000000e+00 -2.08901699437494e+00
0712 3.5600 1.7800 -1.00000000000000e+00 -2.34778525229248e+00
0709 3.5450 1.7725 -1.00000000000000e+00 -1.51098300562504e+00
0710 3.5500 1.7750 -1.00000000000000e+00 -1.79999999999997e+00
0707 3.5350 1.7675 -9.93608542793430e-01 -1.05098300562506e+00
0708 3.5400 1.7700 -1.00000000000000e+00 -1.25221474770753e+00
0705 3.5250 1.7625 -9.93829636449200e-01 -9.00000000000000e-01
0706 3.5300 1.7650 -9.90739819651849e-01 -9.28943483704837e-01
0703 3.5150 1.7575 -1.00000000000000e+00 -1.13098300562505e+00
0704 3.5200 1.7600 -9.98521118271660e-01 -9.68943483704849e-01
0701 3.5050 1.7525 -1.00000000000000e+00 -1.67098300562508e+00
0702 3.5100 1.7550 -1.00000000000000e+00 -1.37221474770754e+00
0699 3.4950 1.7475 -1.00000000000000e+00 -2.28901699437495e+00
0700 3.5000 1.7500 -1.00000000000000e+00 -2.00000000000002e+00
0697 3.4850 1.7425 -1.00000000000000e+00 -2.74901699437495e+00
0698 3.4900 1.7450 -1.00000000000000e+00 -2.54778525229247e+00
0695 3.4750 1.7375 -1.00000000000000e+00 -2.90000000000000e+00
0696 3.4800 1.7400 -1.00000000000000e+00 -2.87105651629516e+00
0693 3.4650 1.7325 -1.00000000000000e+00 -2.66901699437494e+00
0694 3.4700 1.7350 -1.00000000000000e+00 -2.83105651629515e+00
0691 3.4550 1.7275 -1.00000000000000e+00 -2.12901699437493e+00
0692 3.4600 1.7300 -1.00000000000000e+00 -2.42778525229247e+00
0689 3.4450 1.7225 -9.90591043113188e-01 -1.47098300562503e+00
0690 3.4500 1.7250 -1.00000000000000e+00 -1.80000000000000e+00
0687 3.4350 1.7175 -9.56289279851601e-01 -9.30983005625055e-01
0688 3.4400 1.7200 -9.66571444987597e-01 -1.17221474770752e+00
0685 3.4250 1.7125 -9.66985149055833e-01 -6.99999999999999e-01
0686 3.4300 1.7150 -9.57554593562928e-01 -7.68943483704843e-01
0683 3.4150 1.7075 -9.92903952648812e-01 -8.50983005625054e-01
0684 3.4200 1.7100 -9.80334406508624e-01 -7.28943483704851e-01
0681 3.4050 1.7025 -1.00000000000000e+00 -1.31098300562506e+00
0682 3.4100 1.7050 -1.00000000000000e+00 -1.05221474770752e+00
0679 3.3950 1.6975 -1.00000000000000e+00 -1.88901699437496e+00
0680 3.4000 1.7000 -1.00000000000000e+00 -1.60000000000002e+00
0677 3.3850 1.6925 -1.00000000000000e+00 -2.34901699437495e+00
0678 3.3900 1.6950 -1.00000000000000e+00 -2.14778525229247e+00
0675 3.3750 1.6875 -1.00000000000000e+00 -2.50000000000000e+00
0676 3.3800 1.6900 -1.00000000000000e+00 -2.47105651629515e+00
0673 3.3650 1.6825 -1.00000000000000e+00 -2.26901699437495e+00
0674 3.3700 1.6850 -1.00000000000000e+00 -2.43105651629515e+00
0671 3.3550 1.6775 -8.96438216771467e-01 -1.72901699437495e+00
0672 3.3600 1.6800 -9.50311916014395e-01 -2.02778525229247e+00
0669 3.3450 1.6725 -8.27549741917849e-01 -1.07098300562505e+00
0670 3.3500 1.6750 -8.54809277891294e-01 -1.39999999999999e+00
0667 3.3350 1.6675 -8.17536245679194e-01 -5.30983005625051e-01
0668 3.3400 1.6700 -8.15378078732488e-01 -7.72214747707514e-01
0665 3.3250 1.6625 -8.55009928978390e-01 -3.00000000000001e-01
0666 3.3300 1.6650 -8.31863907681901e-01 -3.68943483704850e-01
0663 3.3150 1.6575 -9.10451273176065e-01 -4.50983005625058e-01
0664 3.3200 1.6600 -8.82760425427312e-01 -3.28943483704853e-01
0661 3.3050 1.6525 -9.47485183586303e-01 -9.10983005625039e-01
0662 3.3100 1.6550 -9.33424686553614e-01 -6.52214747707525e-01
0659 3.2950 1.6475 -9.36775807435124e-01 -1.48901699437496e+00
0660 3.3000 1.6500 -9.49310292484366e-01 -1.20000000000003e+00
0657 3.2850 1.6425 -8.67232672976382e-01 -1.94901699437494e+00
0658 3.2900 1.6450 -9.09163748088132e-01 -1.74778525229248e+00
0655 3.2750 1.6375 -7.50247804234323e-01 -2.10000000000000e+00
0656 3.2800 1.6400 -8.13143456906450e-01 -2.07105651629516e+00
0653 3.2650 1.6325 -6.15345378438546e-01 -1.86901699437495e+00
0654 3.2700 1.6350 -6.82760194446041e-01 -2.03105651629515e+00
0651 3.2550 1.6275 -4.98905625138227e-01 -1.32901699437494e+00
0652 3.2600 1.6300 -5.52661797641721e-01 -1.62778525229246e+00
0649 3.2450 1.6225 -4.30270059572530e-01 -6.70983005625047e-01
0650 3.2500 1.6250 -4.57400056676392e-01 -9.99999999999981e-01
0647 3.2350 1.6175 -4.20535395733637e-01 -1.30983005625046e-01
0648 3.2400 1.6200 -4.18234412269905e-01 -3.72214747707533e-01
0645 3.2250 1.6125 -4.58316491866889e-01 9.99999999999996e-02
0646 3.2300 1.6150 -4.35013015239066e-01 3.10565162951528e-02
0643 3.2150 1.6075 -5.14096758226400e-01 -5.09830056250619e-02
0644 3.2200 1.6100 -4.86232316460233e-01 7.10565162951525e-02
0641 3.2050 1.6025 -5.51504330799659e-01 -5.10983005625045e-01
0642 3.2100 1.6050 -5.37252445856466e-01 -2.52214747707530e-01
0639 3.1950 1.5975 -5.41206917028491e-01 -1.08901699437497e+00
0640 3.2000 1.6000 -5.53530397058389e-01 -8.00000000000009e-01
0637 3.1850 1.5925 -4.72117971232222e-01 -1.54901699437495e+00
0638 3.1900 1.5950 -5.13816413161168e-01 -1.34778525229248e+00
0635 3.1750 1.5875 -3.55633845328177e-01 -1.70000000000000e+00
0636 3.1800 1.5900 -4.18273020075087e-01 -1.67105651629515e+00
0633 3.1650 1.5825 -2.21283488678083e-01 -1.46901699437494e+00
0634 3.1700 1.5850 -2.88415537594588e-01 -1.63105651629515e+00
0631 3.1550 1.5775 -1.05452391499195e-01 -9.29016994374938e-01
0632 3.1600 1.5800 -1.58896813393241e-01 -1.22778525229248e+00
0629 3.1450 1.5725 -3.74878694364164e-02 -2.70983005625040e-01
0630 3.1500 1.5750 -6.42741613554086e-02 -5.99999999999974e-01
0627 3.1350 1.5675 -2.84930309007043e-02 2.69016994374958e-01
0628 3.1400 1.5700 -2.58131126269855e-02 2.77852522924731e-02
0625 3.1250 1.5625 -6.70897845958191e-02 5.00000000000000e-01
0626 3.1300 1.5650 -4.33685321644871e-02 4.31056516295155e-01
0623 3.1150 1.5575 -1.23769313350615e-01 3.49016994374949e-01
0624 3.1200 1.5600 -9.54442738256094e-02 4.71056516295151e-01
0621 3.1050 1.5525 -1.62168322793764e-01 -1.10983005625051e-01
0622 3.1100 1.5550 -1.47408628736895e-01 1.47785252292465e-01
0619 3.0950 1.5475 -1.52963968094766e-01 -6.89016994374950e-01
0620 3.1000 1.5500 -1.64727588652199e-01 -4.00000000000015e-01
0617 3.0850 1.5425 -8.50801200083151e-02 -1.14901699437495e+00
0618 3.0900 1.5450 -1.26161316780755e-01 -9.47785252292487e-01
0615 3.0750 1.5375 3.00753857045145e-02 -1.30000000000000e+00
0616 3.0800 1.5400 -3.18832762899844e-02 -1.27105651629515e+00
0613 3.0650 1.5325 1.62960938552202e-01 -1.06901699437494e+00
0614 3.0700 1.5350 9.65791549897447e-02 -1.23105651629515e+00
0611 3.0550 1.5275 2.77177089570319e-01 -5.29016994374960e-01
0612 3.0600 1.5300 2.24559835198558e-01 -8.27785252292473e-01
0609 3.0450 1.5225 3.43361133455037e-01 1.29016994374967e-01
0610 3.0500 1.5250 3.17486793767586e-01 -1.99999999999967e-01
0607 3.0350 1.5175 3.50392994813548e-01 6.69016994374944e-01
0608 3.0400 1.5200 3.54078340409041e-01 4.27785252292479e-01
0605 3.0250 1.5125 3.09632058762051e-01 9.00000000000000e-01
0606 3.0300 1.5150 3.34461794835477e-01 8.31056516295158e-01
0603 3.0150 1.5075 2.50566518969858e-01 7.49016994374946e-01
0604 3.0200 1.5100 2.80113661700154e-01 8.71056516295149e-01
0601 3.0050 1.5025 2.09536932344773e-01 2.89016994374943e-01
0602 3.0100 1.5050 2.25643995199602e-01 5.47785252292459e-01
0599 2.9950 1.4975 2.15841075705230e-01 -2.89016994374957e-01
0600 3.0000 1.5000 2.05562929243264e-01 -2.15587355100861e-14
0597 2.9850 1.4925 2.80527440784257e-01 -7.49016994374954e-01
0598 2.9900 1.4950 2.41083979209239e-01 -5.47785252292471e-01
0595 2.9750 1.4875 3.92157721484020e-01 -9.00000000000000e-01
0596 2.9800 1.4900 3.32004662542216e-01 -8.71056516295154e-01
0593 2.9650 1.4825 5.21156713750871e-01 -6.69016994374935e-01
0594 2.9700 1.4850 4.56765607558220e-01 -8.31056516295153e-01
0591 2.9550 1.4775 6.31087931729624e-01 -1.29016994374953e-01
0592 2.9600 1.4800 5.80665399157160e-01 -4.27785252292467e-01
0589 2.9450 1.4725 6.92547836936591e-01 5.29016994374974e-01
0590 2.9500 1.4750 6.69093178034852e-01 1.99999999999982e-01
0587 2.9350 1.4675 6.94371335403278e-01 1.06901699437495e+00
0588 2.9400 1.4700 7.00724379064672e-01 8.27785252292485e-01
0585 2.9250 1.4625 6.47868179262669e-01 1.30000000000000e+00
0586 2.9300 1.4650 6.75639052454695e-01 1.23105651629515e+00
0583 2.9150 1.4575 5.82471841822336e-01 1.14901699437494e+00
0584 2.9200 1.4600 6.15261588225803e-01 1.27105651629515e+00
0581 2.9050 1.4525 5.34462550789816e-01 6.89016994374936e-01
0582 2.9100 1.4550 5.54144584194706e-01 9.47785252292475e-01
0579 2.8950 1.4475 5.33071570041088e-01 1.10983005625037e-01
0580 2.9000 1.4500 5.26734828610560e-01 4.00000000000000e-01
0577 2.8850 1.4425 5.89274060789611e-01 -3.49016994374958e-01
0578 2.8900 1.4450 5.54175998261890e-01 -1.47785252292477e-01
0575 2.8750 1.4375 6.91550870039987e-01 -5.00000000000000e-01
0576 2.8800 1.4400 6.36188613547838e-01 -4.71056516295155e-01
0573 2.8650 1.4325 8.10237660033840e-01 -2.69016994374949e-01
0574 2.8700 1.4350 7.51128413541985e-01 -4.31056516295151e-01
0571 2.8550 1.4275 9.08799675006620e-01 2.70983005625054e-01
0572 2.8600 1.4300 8.64200392754283e-01 -2.77852522924612e-02
0569 2.8450 1.4225 9.57725033899482e-01 9.29016994374952e-01
0570 2.8500 1.4250 9.40690508475697e-01 5.99999999999989e-01
0567 2.8350 1.4175 9.45729195054870e-01 1.46901699437495e+00
0568 2.8400 1.4200 9.59160435875709e-01 1.22778525229249e+00
0565 2.8250 1.4125 8.83990219528553e-01 1.70000000000000e+00
0566 2.8300 1.4150 9.19564805088866e-01 1.63105651629515e+00
0563 2.8150 1.4075 8.01796391215470e-01 1.54901699437494e+00
0564 2.8200 1.4100 8.43189730504978e-01 1.67105651629515e+00
0561 2.8050 1.4025 7.35267866495750e-01 1.08901699437496e+00
0562 2.8100 1.4050 7.64435361057498e-01 1.34778525229247e+00
0559 2.7950 1.3975 7.13459430606878e-01 5.10983005625031e-01
0560 2.8000 1.4000 7.17580410101788e-01 7.99999999999994e-01
0557 2.7850 1.3925 7.47151677063392e-01 5.09830056250532e-02
0558 2.7900 1.3950 7.23583251855970e-01 2.52214747707518e-01
0555 2.7750 1.3875 8.24610941981834e-01 -9.99999999999996e-02
0556 2.7800 1.3900 7.81960110635312e-01 -7.10565162951571e-02
0553 2.7650 1.3825 9.15936389349728e-01 1.30983005625055e-01
0554 2.7700 1.3850 8.70841489080925e-01 -3.10565162951483e-02
0551 2.7550 1.3775 9.84332524077384e-01 6.70983005625061e-01
0552 2.7600 1.3800 9.55184058535964e-01 3.72214747707545e-01
0549 2.7450 1.3725 1.00000000000000e+00 1.32901699437496e+00
0550 2.7500 1.3750 1.00000000000000e+00 9.99999999999996e-01
0547 2.7350 1.3675 1.00000000000000e+00 1.86901699437496e+00
0548 2.7400 1.3700 1.00000000000000e+00 1.62778525229247e+00
0545 2.7250 1.3625 1.00000000000000e+00 2.10000000000000e+00
0546 2.7300 1.3650 1.00000000000000e+00 2.03105651629515e+00
0543 2.7150 1.3575 9.87785660786554e-01 1.94901699437493e+00
0544 2.7200 1.3600 1.00000000000000e+00 2.07105651629515e+00
0541 2.7050 1.3525 8.99321036197870e-01 1.48901699437495e+00
0542 2.7100 1.3550 9.39724094107136e-01 1.74778525229247e+00
0539 2.6950 1.3475 8.53328050203466e-01 9.10983005625025e-01
0540 2.7000 1.3500 8.69836238289017e-01 1.20000000000001e+00
0537 2.6850 1.3425 8.60356830168631e-01 4.50983005625050e-01
0538 2.6900 1.3450 8.50445302432388e-01 6.52214747707513e-01
0535 2.6750 1.3375 9.08419623280360e-01 3.00000000000001e-01
0536 2.6800 1.3400 8.80825521395810e-01 3.28943483704848e-01
0533 2.6650 1.3325 9.67335460481353e-01 5.30983005625059e-01
0534 2.6700 1.3350 9.38840604444377e-01 3.68943483704854e-01
0531 2.6550 1.3275 1.00000000000000e+00 1.07098300562507e+00
0532 2.6600 1.3300 9.89153083224167e-01 7.72214747707526e-01
0529 2.6450 1.3225 1.00000000000000e+00 1.72901699437497e+00
0530 2.6500 1.3250 1.00000000000000e+00 1.40000000000000e+00
0527 2.6350 1.3175 1.00000000000000e+00 2.26901699437496e+00
0528 2.6400 1.3200 1.00000000000000e+00 2.02778525229248e+00
0525 2.6250 1.3125 1.00000000000000e+00 2.50000000000000e+00
0526 2.6300 1.3150 1.00000000000000e+00 2.43105651629516e+00
0523 2.6150 1.3075 1.00000000000000e+00 2.34901699437495e+00
0524 2.6200 1.3100 1.00000000000000e+00 2.47105651629515e+00
0521 2.6050 1.3025 1.00000000000000e+00 1.88901699437494e+00
0522 2.6100 1.3050 1.00000000000000e+00 2.14778525229246e+00
0519 2.5950 1.2975 9.76764219393477e-01 1.31098300562504e+00
0520 2.6000 1.3000 1.00000000000000e+00 1.60000000000001e+00
0517 2.5850 1.2925 9.55445206700617e-01 8.50983005625046e-01
0518 2.5900 1.2950 9.60053280081898e-01 1.05221474770751e+00
0515 2.5750 1.2875 9.72254558406873e-01 6.99999999999999e-01
0516 2.5800 1.2900 9.60668316754396e-01 7.28943483704846e-01
0513 2.5650 1.2825 9.96713476458337e-01 9.30983005625064e-01
0514 2.5700 1.2850 9.85867286327218e-01 7.68943483704848e-01
0511 2.5550 1.2775 1.00000000000000e+00 1.47098300562505e+00
0512 2.5600 1.2800 1.00000000000000e+00 1.17221474770753e+00
0509 2.5450 1.2725 1.00000000000000e+00 2.12901699437495e+00
0510 2.5500 1.2750 1.00000000000000e+00 1.80000000000001e+00
0507 2.5350 1.2675 1.00000000000000e+00 2.66901699437495e+00
0508 2.5400 1.2700 1.00000000000000e+00 2.42778525229248e+00
0505 2.5250 1.2625 1.00000000000000e+00 2.90000000000000e+00
0506 2.5300 1.2650 1.00000000000000e+00 2.83105651629516e+00
0503 2.5150 1.2575 1.00000000000000e+00 2.74901699437494e+00
0504 2.5200 1.2600 1.00000000000000e+00 2.87105651629516e+00
0501 2.5050 1.2525 1.00000000000000e+00 2.28901699437494e+00
0502 2.5100 1.2550 1.00000000000000e+00 2.54778525229245e+00
0499 2.4950 1.2475 1.00000000000000e+00 1.67098300562507e+00
0500 2.5000 1.2500 1.00000000000000e+00 2.00000000000000e+00
0497 2.4850 1.2425 9.97586720610286e-01 1.13098300562504e+00
0498 2.4900 1.2450 1.00000000000000e+00 1.37221474770753e+00
0495 2.4750 1.2375 9.92015577492283e-01 9.00000000000000e-01
0496 2.4800 1.2400 9.90916906359548e-01 9.68943483704845e-01
0493 2.4650 1.2325 1.00000000000000e+00 1.05098300562507e+00
0494 2.4700 1.2350 9.96616356366897e-01 9.28943483704841e-01
0491 2.4550 1.2275 1.00000000000000e+00 1.51098300562505e+00
0492 2.4600 1.2300 1.00000000000000e+00 1.25221474770754e+00
0489 2.4450 1.2225 1.00000000000000e+00 2.08901699437495e+00
0490 2.4500 1.2250 1.00000000000000e+00 1.79999999999999e+00
0487 2.4350 1.2175 1.00000000000000e+00 2.54901699437495e+00
0488 2.4400 1.2200 1.00000000000000e+00 2.34778525229249e+00
0485 2.4250 1.2125 1.00000000000000e+00 2.70000000000000e+00
0486 2.4300 1.2150 1.00000000000000e+00 2.67105651629515e+00
0483 2.4150 1.2075 1.00000000000000e+00 2.46901699437494e+00
0484 2.4200 1.2100 1.00000000000000e+00 2.63105651629515e+00
0481 2.4050 1.2025 1.00000000000000e+00 1.92901699437493e+00
0482 2.4100 1.2050 1.00000000000000e+00 2.22778525229247e+00
0479 2.3950 1.1975 9.27725964230498e-01 1.27098300562506e+00
0480 2.4000 1.2000 9.59739014262448e-01 1.59999999999999e+00
0477 2.3850 1.1925 9.07480530517248e-01 7.30983005625037e-01
0478 2.3900 1.1950 9.10563112160771e-01 9.72214747707520e-01
0475 2.3750 1.1875 9.33673503070343e-01 5.00000000000000e-01
0476 2.3800 1.1900 9.16305406761859e-01 5.68943483704842e-01
0473 2.3650 1.1825 9.76677862952440e-01 6.50983005625056e-01
0474 2.3700 1.1850 9.55357178223860e-01 5.28943483704843e-01
0471 2.3550 1.1775 1.00000000000000e+00 1.11098300562506e+00
0472 2.3600 1.1800 9.92962605818810e-01 8.52214747707543e-01
0469 2.3450 1.1725 1.00000000000000e+00 1.68901699437493e+00
0470 2.3500 1.1750 1.00000000000000e+00 1.40000000000000e+00
0467 2.3350 1.1675 1.00000000000000e+00 2.14901699437496e+00
0468 2.3400 1.1700 1.00000000000000e+00 1.94778525229249e+00
0465 2.3250 1.1625 9.49112888168268e-01 2.30000000000000e+00
0466 2.3300 1.1650 1.00000000000000e+00 2.27105651629515e+00
0463 2.3150 1.1575 8.14094132467110e-01 2.06901699437493e+00
0464 2.3200 1.1600 8.81568532576677e-01 2.23105651629515e+00
0461 2.3050 1.1525 6.97526126243376e-01 1.52901699437495e+00
0462 2.3100 1.1550 7.51347989371721e-01 1.82778525229247e+00
0459 2.2950 1.1475 6.28749162023882e-01 8.70983005625052e-01
0460 2.3000 1.1500 6.55951582836794e-01 1.19999999999999e+00
0457 2.2850 1.1425 6.18858605963192e-01 3.30983005625051e-01
0458 2.2900 1.1450 6.16637469843824e-01 5.72214747707514e-01
0455 2.2750 1.1375 6.56467831137576e-01 9.99999999999996e-02
0456 2.2800 1.1400 6.33252385980100e-01 1.68943483704840e-01
0453 2.2650 1.1325 7.12058609653790e-01 2.50983005625059e-01
0454 2.2700 1.1350 6.84291222694454e-01 1.28943483704845e-01
0451 2.2550 1.1275 7.49257271986291e-01 7.10983005625066e-01
0452 2.2600 1.1300 7.35112389855228e-01 4.52214747707548e-01
0449 2.2450 1.1225 7.38729534576269e-01 1.28901699437494e+00
0450 2.2500 1.1250 7.51170985304353e-01 1.00000000000000e+00
0447 2.2350 1.1175 6.69386657071789e-01 1.74901699437496e+00
0448 2.2400 1.1200 7.11215161586336e-01 1.54778525229248e+00
0445 2.2250 1.1125 5.52622571407194e-01 1.90000000000000e+00
0446 2.2300 1.1150 6.15405140206632e-01 1.87105651629516e+00
0443 2.2150 1.1075 4.17963559172872e-01 1.66901699437493e+00
0444 2.2200 1.1100 4.85253699977555e-01 1.83105651629516e+00
0441 2.2050 1.1025 3.01792169172057e-01 1.12901699437494e+00
0442 2.2100 1.1050 3.55410887412771e-01 1.42778525229246e+00
0439 2.1950 1.0975 2.33452474316256e-01 4.70983005625045e-01
0440 2.2000 1.1000 2.60430927911914e-01 8.00000000000009e-01
0437 2.1850 1.0925 2.24044007755259e-01 -6.90169943749535e-02
0438 2.1900 1.0950 2.21575947750817e-01 1.72214747707531e-01
0435 2.1750 1.0875 2.62184736574318e-01 -3.00000000000001e-01
0436 2.1800 1.0900 2.38697057861769e-01 -2.31056516295152e-01
0433 2.1650 1.0825 3.18361497889358e-01 -1.49016994374954e-01
0434 2.1700 1.0850 2.90293973403033e-01 -2.71056516295153e-01
0431 2.1550 1.0775 3.56206206245566e-01 3.10983005625072e-01
0432 2.1600 1.0800 3.41730422502574e-01 5.22147477075318e-02
0429 2.1450 1.0725 3.46390734591330e-01 8.89016994374944e-01
0430 2.1500 1.0750 3.58467366276590e-01 6.00000000000008e-01
0427 2.1350 1.0675 2.77833130069324e-01 1.34901699437496e+00
0428 2.1400 1.0700 3.19259421602150e-01 1.14778525229246e+00
0425 2.1250 1.0625 1.61934807882518e-01 1.50000000000000e+00
0426 2.1300 1.0650 2.24273936854043e-01 1.47105651629516e+00
0423 2.1150 1.0575 2.82302998767340e-02 1.26901699437496e+00
0424 2.1200 1.0600 9.50315482766451e-02 1.43105651629516e+00
0421 2.1050 1.0525 -8.68887492049053e-02 7.29016994374937e-01
0422 2.1100 1.0550 -3.38090348481815e-02 1.02778525229245e+00
0419 2.0950 1.0475 -1.54068238202591e-01 7.09830056250670e-02
0420 2.1000 1.0500 -1.27684036383897e-01 4.00000000000002e-01
0417 2.0850 1.0425 -1.62197577798887e-01 -4.69016994374958e-01
0418 2.0900 1.0450 -1.65320800393974e-01 -2.27785252292475e-01
0415 2.0750 1.0375 -1.22646611503576e-01 -6.99999999999999e-01
0416 2.0800 1.0400 -1.46856606970084e-01 -6.31056516295155e-01
0413 2.0650 1.0325 -6.49150633678514e-02 -5.49016994374950e-01
0414 2.0700 1.0350 -9.37789420787533e-02 -6.71056516295152e-01
0411 2.0550 1.0275 -2.53562025436361e-02 -8.90169943749471e-02
0412 2.0600 1.0300 -4.07099668174970e-02 -3.47785252292463e-01
0409 2.0450 1.0225 -3.32818210996362e-02 4.89016994374950e-01
0410 2.0500 1.0250 -2.21731629520704e-02 2.00000000000015e-01
0407 2.0350 1.0175 -9.97558625816087e-02 9.49016994374944e-01
0408 2.0400 1.0200 -5.93967618733650e-02 7.47785252292466e-01
0405 2.0250 1.0125 -2.13357056515653e-01 1.10000000000000e+00
0406 2.0300 1.0150 -1.52194505429440e-01 1.07105651629516e+00
0403 2.0150 1.0075 -3.44528980623245e-01 8.69016994374948e-01
0404 2.0200 1.0100 -2.79024909341434e-01 1.03105651629515e+00
0401 2.0050 1.0025 -4.56855855956432e-01 3.29016994374930e-01
0402 2.0100 1.0050 -4.05206279373158e-01 6.27785252292460e-01
0399 1.9950 0.9975 -5.20956973396643e-01 -3.29016994374940e-01
0400 2.0000 1.0000 -4.96149498473000e-01 -4.89858719658941e-15
0397 1.9850 0.9925 -5.25692408350489e-01 -8.69016994374945e-01
0398 1.9900 0.9950 -5.30553972347729e-01 -6.27785252292480e-01
0395 1.9750 0.9875 -4.82399662186971e-01 -1.10000000000000e+00
0396 1.9800 0.9900 -5.08526179049266e-01 -1.03105651629516e+00
0393 1.9650 0.9825 -4.20542801746377e-01 -9.49016994374945e-01
0394 1.9700 0.9850 -4.51519645296319e-01 -1.07105651629515e+00
0391 1.9550 0.9775 -3.76435784106072e-01 -4.89016994374941e-01
0392 1.9600 0.9800 -3.94119092114948e-01 -7.47785252292469e-01
0389 1.9450 0.9725 -3.79347059772260e-01 8.90169943749438e-02
0390 1.9500 0.9750 -3.70806723592629e-01 -1.99999999999992e-01
0387 1.9350 0.9675 -4.40292788218225e-01 5.49016994374947e-01
0388 1.9400 0.9700 -4.02765262479621e-01 3.47785252292482e-01
0385 1.9250 0.9625 -5.47799017030036e-01 7.00000000000000e-01
0386 1.9300 0.9650 -4.89758277347885e-01 6.71056516295158e-01
0383 1.9150 0.9575 -6.72251242090373e-01 4.69016994374944e-01
0384 1.9200 0.9600 -6.10188967881539e-01 6.31056516295152e-01
0381 1.9050 0.9525 -7.77169649223944e-01 -7.09830056250620e-02
0382 1.9100 0.9550 -7.29314653913640e-01 2.27785252292466e-01
0379 1.8950 0.9475 -8.33102930474082e-01 -7.29016994374947e-01
0380 1.9000 0.9500 -8.12478981403889e-01 -4.00000000000012e-01
0377 1.8850 0.9425 -8.28833326028367e-01 -1.26901699437495e+00
0378 1.8900 0.9450 -8.38307227279039e-01 -1.02778525229249e+00
0375 1.8750 0.9375 -7.75612523926832e-01 -1.50000000000000e+00
0376 1.8800 0.9400 -8.06824142611038e-01 -1.43105651629516e+00
0373 1.8650 0.9325 -7.02809981814575e-01 -1.34901699437494e+00
0374 1.8700 0.9350 -7.39393150123175e-01 -1.47105651629515e+00
0371 1.8550 0.9275 -6.46635350131261e-01 -8.89016994374948e-01
0372 1.8600 0.9300 -6.70499631186557e-01 -1.14778525229247e+00
0369 1.8450 0.9225 -6.36242081315031e-01 -3.10983005625050e-01
0370 1.8500 0.9250 -6.34516267919077e-01 -5.99999999999999e-01
0367 1.8350 0.9175 -6.82519549469130e-01 1.49016994374951e-01
0368 1.8400 0.9200 -6.52505035099529e-01 -5.22147477075229e-02
0365 1.8250 0.9125 -7.73854021309159e-01 3.00000000000000e-01
0366 1.8300 0.9150 -7.24096376661334e-01 2.71056516295152e-01
0363 1.8150 0.9075 -8.80476884308106e-01 6.90169943749394e-02
0364 1.8200 0.9100 -8.27546722374616e-01 2.31056516295155e-01
0361 1.8050 0.9025 -9.65738419768994e-01 -4.70983005625055e-01
0362 1.8100 0.9050 -9.27951578242257e-01 -1.72214747707527e-01
0359 1.7950 0.8975 -1.00000000000000e+00 -1.12901699437495e+00
0360 1.8000 0.9000 -9.90476190476191e-01 -8.00000000000004e-01
0357 1.7850 0.8925 -1.00000000000000e+00 -1.66901699437495e+00
0358 1.7900 0.8950 -1.00000000000000e+00 -1.42778525229248e+00
0355 1.7750 0.8875 -9.87786799910357e-01 -1.90000000000000e+00
0356 1.7800 0.8900 -1.00000000000000e+00 -1.83105651629515e+00
0353 1.7650 0.8825 -8.95732121086411e-01 -1.74901699437494e+00
0354 1.7700 0.8850 -9.42176139905876e-01 -1.87105651629515e+00
0351 1.7550 0.8775 -8.18332008678460e-01 -1.28901699437494e+00
0352 1.7600 0.8800 -8.53067877421985e-01 -1.54778525229247e+00
0349 1.7450 0.8725 -7.84537647363319e-01 -7.10983005625057e-01
0350 1.7500 0.8750 -7.94797759393637e-01 -9.99999999999992e-01
0347 1.7350 0.8675 -8.05015411037368e-01 -2.50983005625053e-01
0348 1.7400 0.8700 -7.88215379450233e-01 -4.52214747707518e-01
0345 1.7250 0.8625 -8.67905708688141e-01 -9.99999999999996e-02
0346 1.7300 0.8650 -8.32717031307984e-01 -1.28943483704846e-01
0343 1.7150 0.8575 -9.43168869643433e-01 -3.30983005625056e-01
0344 1.7200 0.8600 -9.06300994122548e-01 -1.68943483704848e-01
0341 1.7050 0.8525 -9.93856333601193e-01 -8.70983005625048e-01
0342 1.7100 0.8550 -9.73778162844352e-01 -5.72214747707533e-01
0339 1.6950 0.8475 -1.00000000000000e+00 -1.52901699437495e+00
0340 1.7000 0.8500 -1.00000000000000e+00 -1.20000000000001e+00
0337 1.6850 0.8425 -1.00000000000000e+00 -2.06901699437495e+00
0338 1.6900 0.8450 -1.00000000000000e+00 -1.82778525229247e+00
0335 1.6750 0.8375 -1.00000000000000e+00 -2.30000000000000e+00
0336 1.6800 0.8400 -1.00000000000000e+00 -2.23105651629516e+00
0333 1.6650 0.8325 -1.00000000000000e+00 -2.14901699437495e+00
0334 1.6700 0.8350 -1.00000000000000e+00 -2.27105651629515e+00
0331 1.6550 0.8275 -9.76538385489718e-01 -1.68901699437495e+00
0332 1.6600 0.8300 -1.00000000000000e+00 -1.94778525229246e+00
0329 1.6450 0.8225 -9.17960177797730e-01 -1.11098300562505e+00
0330 1.6500 0.8250 -9.40914455045456e-01 -1.39999999999999e+00
0327 1.6350 0.8175 -9.11113750841306e-01 -6.50983005625049e-01
0328 1.6400 0.8200 -9.08309036406364e-01 -8.52214747707524e-01
0325 1.6250 0.8125 -9.43879128321982e-01 -5.00000000000000e-01
0326 1.6300 0.8150 -9.24120288102119e-01 -5.28943483704845e-01
0323 1.6150 0.8075 -9.85929564789743e-01 -7.30983005625052e-01
0324 1.6200 0.8100 -9.66073084738081e-01 -5.68943483704845e-01
0321 1.6050 0.8025 -1.00000000000000e+00 -1.27098300562505e+00
0322 1.6100 0.8050 -9.98676892747977e-01 -9.72214747707527e-01
0319 1.5950 0.7975 -1.00000000000000e+00 -1.92901699437495e+00
0320 1.6000 0.8000 -1.00000000000000e+00 -1.60000000000000e+00
0317 1.5850 0.7925 -1.00000000000000e+00 -2.46901699437495e+00
0318 1.5900 0.7950 -1.00000000000000e+00 -2.22778525229247e+00
0315 1.5750 0.7875 -1.00000000000000e+00 -2.70000000000000e+00
0316 1.5800 0.7900 -1.00000000000000e+00 -2.63105651629515e+00
0313 1.5650 0.7825 -1.00000000000000e+00 -2.54901699437495e+00
0314 1.5700 0.7850 -1.00000000000000e+00 -2.67105651629515e+00
0311 1.5550 0.7775 -1.00000000000000e+00 -2.08901699437494e+00
0312 1.5600 0.7800 -1.00000000000000e+00 -2.34778525229247e+00
0309 1.5450 0.7725 -1.00000000000000e+00 -1.51098300562504e+00
0310 1.5500 0.7750 -1.00000000000000e+00 -1.79999999999999e+00
0307 1.5350 0.7675 -9.93608542793430e-01 -1.05098300562505e+00
0308 1.5400 0.7700 -1.00000000000000e+00 -1.25221474770753e+00
0305 1.5250 0.7625 -9.93829636449199e-01 -9.00000000000000e-01
0306 1.5300 0.7650 -9.90739819651849e-01 -9.28943483704846e-01
0303 1.5150 0.7575 -1.00000000000000e+00 -1.13098300562506e+00
0304 1.5200 0.7600 -9.98521118271659e-01 -9.68943483704848e-01
0301 1.5050 0.7525 -1.00000000000000e+00 -1.67098300562506e+00
0302 1.5100 0.7550 -1.00000000000000e+00 -1.37221474770753e+00
0299 1.4950 0.7475 -1.00000000000000e+00 -2.28901699437495e+00
0300 1.5000 0.7500 -1.00000000000000e+00 -2.00000000000001e+00
0297 1.4850 0.7425 -1.00000000000000e+00 -2.74901699437495e+00
0298 1.4900 0.7450 -1.00000000000000e+00 -2.54778525229247e+00
0295 1.4750 0.7375 -1.00000000000000e+00 -2.90000000000000e+00
0296 1.4800 0.7400 -1.00000000000000e+00 -2.87105651629515e+00
0293 1.4650 0.7325 -1.00000000000000e+00 -2.66901699437495e+00
0294 1.4700 0.7350 -1.00000000000000e+00 -2.83105651629515e+00
0291 1.4550 0.7275 -1.00000000000000e+00 -2.12901699437495e+00
0292 1.4600 0.7300 -1.00000000000000e+00 -2.42778525229246e+00
0289 1.4450 0.7225 -9.90591043113190e-01 -1.47098300562505e+00
0290 1.4500 0.7250 -1.00000000000000e+00 -1.80000000000000e+00
0287 1.4350 0.7175 -9.56289279851600e-01 -9.30983005625050e-01
0288 1.4400 0.7200 -9.66571444987596e-01 -1.17221474770752e+00
0285 1.4250 0.7125 -9.66985149055832e-01 -7.00000000000000e-01
0286 1.4300 0.7150 -9.57554593562927e-01 -7.68943483704844e-01
0283 1.4150 0.7075 -9.92903952648812e-01 -8.50983005625052e-01
0284 1.4200 0.7100 -9.80334406508623e-01 -7.28943483704849e-01
0281 1.4050 0.7025 -1.00000000000000e+00 -1.31098300562505e+00
0282 1.4100 0.7050 -1.00000000000000e+00 -1.05221474770754e+00
0279 1.3950 0.6975 -1.00000000000000e+00 -1.88901699437495e+00
0280 1.4000 0.7000 -1.00000000000000e+00 -1.60000000000000e+00
0277 1.3850 0.6925 -1.00000000000000e+00 -2.34901699437495e+00
0278 1.3900 0.6950 -1.00000000000000e+00 -2.14778525229248e+00
0275 1.3750 0.6875 -1.00000000000000e+00 -2.50000000000000e+00
0276 1.3800 0.6900 -1.00000000000000e+00 -2.47105651629516e+00
0273 1.3650 0.6825 -1.00000000000000e+00 -2.26901699437495e+00
0274 1.3700 0.6850 -1.00000000000000e+00 -2.43105651629515e+00
0271 1.3550 0.6775 -8.96438216771468e-01 -1.72901699437494e+00
0272 1.3600 0.6800 -9.50311916014398e-01 -2.02778525229247e+00
0269 1.3450 0.6725 -8.27549741917849e-01 -1.07098300562504e+00
0270 1.3500 0.6750 -8.54809277891295e-01 -1.40000000000001e+00
0267 1.3350 0.6675 -8.17536245679194e-01 -5.30983005625045e-01
0268 1.3400 0.6700 -8.15378078732489e-01 -7.72214747707530e-01
0265 1.3250 0.6625 -8.55009928978392e-01 -3.00000000000000e-01
0266 1.3300 0.6650 -8.31863907681901e-01 -3.68943483704847e-01
0263 1.3150 0.6575 -9.10451273176065e-01 -4.50983005625055e-01
0264 1.3200 0.6600 -8.82760425427311e-01 -3.28943483704848e-01
0261 1.3050 0.6525 -9.47485183586303e-01 -9.10983005625061e-01
0262 1.3100 0.6550 -9.33424686553615e-01 -6.52214747707533e-01
0259 1.2950 0.6475 -9.36775807435124e-01 -1.48901699437496e+00
0260 1.3000 0.6500 -9.49310292484365e-01 -1.20000000000000e+00
0257 1.2850 0.6425 -8.67232672976381e-01 -1.94901699437495e+00
0258 1.2900 0.6450 -9.09163748088133e-01 -1.74778525229247e+00
0255 1.2750 0.6375 -7.50247804234324e-01 -2.10000000000000e+00
0256 1.2800 0.6400 -8.13143456906454e-01 -2.07105651629515e+00
0253 1.2650 0.6325 -6.15345378438543e-01 -1.86901699437494e+00
0254 1.2700 0.6350 -6.82760194446042e-01 -2.03105651629515e+00
0251 1.2550 0.6275 -4.98905625138227e-01 -1.32901699437494e+00
0252 1.2600 0.6300 -5.52661797641725e-01 -1.62778525229248e+00
0249 1.2450 0.6225 -4.30270059572530e-01 -6.70983005625052e-01
0250 1.2500 0.6250 -4.57400056676393e-01 -1.00000000000000e+00
0247 1.2350 0.6175 -4.20535395733636e-01 -1.30983005625058e-01
0248 1.2400 0.6200 -4.18234412269904e-01 -3.72214747707524e-01
0245 1.2250 0.6125 -4.58316491866888e-01 9.99999999999996e-02
0246 1.2300 0.6150 -4.35013015239065e-01 3.10565162951557e-02
0243 1.2150 0.6075 -5.14096758226397e-01 -5.09830056250515e-02
0244 1.2200 0.6100 -4.86232316460233e-01 7.10565162951505e-02
0241 1.2050 0.6025 -5.51504330799658e-01 -5.10983005625054e-01
0242 1.2100 0.6050 -5.37252445856465e-01 -2.52214747707526e-01
0239 1.1950 0.5975 -5.41206917028492e-01 -1.08901699437495e+00
0240 1.2000 0.6000 -5.53530397058388e-01 -8.00000000000003e-01
0237 1.1850 0.5925 -4.72117971232223e-01 -1.54901699437494e+00
0238 1.1900 0.5950 -5.13816413161168e-01 -1.34778525229248e+00
0235 1.1750 0.5875 -3.55633845328181e-01 -1.70000000000000e+00
0236 1.1800 0.5900 -4.18273020075085e-01 -1.67105651629516e+00
0233 1.1650 0.5825 -2.21283488678083e-01 -1.46901699437495e+00
0234 1.1700 0.5850 -2.88415537594588e-01 -1.63105651629515e+00
0231 1.1550 0.5775 -1.05452391499197e-01 -9.29016994374943e-01
0232 1.1600 0.5800 -1.58896813393239e-01 -1.22778525229247e+00
0229 1.1450 0.5725 -3.74878694364160e-02 -2.70983005625045e-01
0230 1.1500 0.5750 -6.42741613554091e-02 -5.99999999999993e-01
0227 1.1350 0.5675 -2.84930309007032e-02 2.69016994374946e-01
0228 1.1400 0.5700 -2.58131126269843e-02 2.77852522924815e-02
0225 1.1250 0.5625 -6.70897845958181e-02 5.00000000000000e-01
0226 1.1300 0.5650 -4.33685321644860e-02 4.31056516295158e-01
0223 1.1150 0.5575 -1.23769313350615e-01 3.49016994374945e-01
0224 1.1200 0.5600 -9.54442738256084e-02 4.71056516295152e-01
0221 1.1050 0.5525 -1.62168322793763e-01 -1.10983005625060e-01
0222 1.1100 0.5550 -1.47408628736893e-01 1.47785252292479e-01
0219 1.0950 0.5475 -1.52963968094765e-01 -6.89016994374945e-01
0220 1.1000 0.5500 -1.64727588652198e-01 -3.99999999999996e-01
0217 1.0850 0.5425 -8.50801200083157e-02 -1.14901699437495e+00
0218 1.0900 0.5450 -1.26161316780757e-01 -9.47785252292473e-01
0215 1.0750 0.5375 3.00753857045166e-02 -1.30000000000000e+00
0216 1.0800 0.5400 -3.18832762899852e-02 -1.27105651629515e+00
0213 1.0650 0.5325 1.62960938552202e-01 -1.06901699437494e+00
0214 1.0700 0.5350 9.65791549897410e-02 -1.23105651629516e+00
0211 1.0550 0.5275 2.77177089570322e-01 -5.29016994374936e-01
0212 1.0600 0.5300 2.24559835198558e-01 -8.27785252292477e-01
0209 1.0450 0.5225 3.43361133455038e-01 1.29016994374948e-01
0210 1.0500 0.5250 3.17486793767584e-01 -2.00000000000001e-01
0207 1.0350 0.5175 3.50392994813549e-01 6.69016994374950e-01
0208 1.0400 0.5200 3.54078340409042e-01 4.27785252292475e-01
0205 1.0250 0.5125 3.09632058762052e-01 9.00000000000000e-01
0206 1.0300 0.5150 3.34461794835479e-01 8.31056516295155e-01
0203 1.0150 0.5075 2.50566518969858e-01 7.49016994374941e-01
0204 1.0200 0.5100 2.80113661700155e-01 8.71056516295155e-01
0201 1.0050 0.5025 2.09536932344774e-01 2.89016994374940e-01
0202 1.0100 0.5050 2.25643995199604e-01 5.47785252292474e-01
0199 0.9950 0.4975 2.15841075705231e-01 -2.89016994374951e-01
0200 1.0000 0.5000 2.05562929243266e-01 -2.44929359829471e-15
0197 0.9850 0.4925 2.80527440784256e-01 -7.49016994374948e-01
0198 0.9900 0.4950 2.41083979209240e-01 -5.47785252292478e-01
0195 0.9750 0.4875 3.92157721484021e-01 -9.00000000000000e-01
0196 0.9800 0.4900 3.32004662542216e-01 -8.71056516295154e-01
0193 0.9650 0.4825 5.21156713750869e-01 -6.69016994374943e-01
0194 0.9700 0.4850 4.56765607558222e-01 -8.31056516295152e-01
0191 0.9550 0.4775 6.31087931729625e-01 -1.29016994374943e-01
0192 0.9600 0.4800 5.80665399157160e-01 -4.27785252292471e-01
0189 0.9450 0.4725 6.92547836936590e-01 5.29016994374955e-01
0190 0.9500 0.4750 6.69093178034854e-01 2.00000000000006e-01
0187 0.9350 0.4675 6.94371335403278e-01 1.06901699437495e+00
0188 0.9400 0.4700 7.00724379064672e-01 8.27785252292475e-01
0185 0.9250 0.4625 6.47868179262670e-01 1.30000000000000e+00
0186 0.9300 0.4650 6.75639052454695e-01 1.23105651629515e+00
0183 0.9150 0.4575 5.82471841822336e-01 1.14901699437495e+00
0184 0.9200 0.4600 6.15261588225804e-01 1.27105651629515e+00
0181 0.9050 0.4525 5.34462550789817e-01 6.89016994374947e-01
0182 0.9100 0.4550 5.54144584194705e-01 9.47785252292474e-01
0179 0.8950 0.4475 5.33071570041088e-01 1.10983005625049e-01
0180 0.9000 0.4500 5.26734828610560e-01 3.99999999999998e-01
0177 0.8850 0.4425 5.89274060789609e-01 -3.49016994374948e-01
0178 0.8900 0.4450 5.54175998261890e-01 -1.47785252292472e-01
0175 0.8750 0.4375 6.91550870039986e-01 -5.00000000000000e-01
0176 0.8800 0.4400 6.36188613547836e-01 -4.71056516295154e-01
0173 0.8650 0.4325 8.10237660033842e-01 -2.69016994374947e-01
0174 0.8700 0.4350 7.51128413541985e-01 -4.31056516295152e-01
0171 0.8550 0.4275 9.08799675006619e-01 2.70983005625056e-01
0172 0.8600 0.4300 8.64200392754282e-01 -2.77852522924714e-02
0169 0.8450 0.4225 9.57725033899482e-01 9.29016994374948e-01
0170 0.8500 0.4250 9.40690508475698e-01 6.00000000000006e-01
0167 0.8350 0.4175 9.45729195054871e-01 1.46901699437495e+00
0168 0.8400 0.4200 9.59160435875709e-01 1.22778525229247e+00
0165 0.8250 0.4125 8.83990219528552e-01 1.70000000000000e+00
0166 0.8300 0.4150 9.19564805088867e-01 1.63105651629516e+00
0163 0.8150 0.4075 8.01796391215471e-01 1.54901699437495e+00
0164 0.8200 0.4100 8.43189730504980e-01 1.67105651629515e+00
0161 0.8050 0.4025 7.35267866495749e-01 1.08901699437495e+00
0162 0.8100 0.4050 7.64435361057498e-01 1.34778525229247e+00
0159 0.7950 0.3975 7.13459430606879e-01 5.10983005625056e-01
0160 0.8000 0.4000 7.17580410101789e-01 7.99999999999998e-01
0157 0.7850 0.3925 7.47151677063392e-01 5.09830056250523e-02
0158 0.7900 0.3950 7.23583251855970e-01 2.52214747707528e-01
0155 0.7750 0.3875 8.24610941981832e-01 -1.00000000000000e-01
0156 0.7800 0.3900 7.81960110635309e-01 -7.10565162951543e-02
0153 0.7650 0.3825 9.15936389349728e-01 1.30983005625053e-01
0154 0.7700 0.3850 8.70841489080924e-01 -3.10565162951542e-02
0151 0.7550 0.3775 9.84332524077384e-01 6.70983005625056e-01
0152 0.7600 0.3800 9.55184058535962e-01 3.72214747707528e-01
0149 0.7450 0.3725 1.00000000000000e+00 1.32901699437495e+00
0150 0.7500 0.3750 1.00000000000000e+00 1.00000000000001e+00
0147 0.7350 0.3675 1.00000000000000e+00 1.86901699437495e+00
0148 0.7400 0.3700 1.00000000000000e+00 1.62778525229247e+00
0145 0.7250 0.3625 1.00000000000000e+00 2.10000000000000e+00
0146 0.7300 0.3650 1.00000000000000e+00 2.03105651629516e+00
0143 0.7150 0.3575 9.87785660786556e-01 1.94901699437495e+00
0144 0.7200 0.3600 1.00000000000000e+00 2.07105651629515e+00
0141 0.7050 0.3525 8.99321036197870e-01 1.48901699437494e+00
0142 0.7100 0.3550 9.39724094107137e-01 1.74778525229247e+00
0139 0.6950 0.3475 8.53328050203467e-01 9.10983005625049e-01
0140 0.7000 0.3500 8.69836238289016e-01 1.20000000000000e+00
0137 0.6850 0.3425 8.60356830168631e-01 4.50983005625052e-01
0138 0.6900 0.3450 8.50445302432388e-01 6.52214747707523e-01
0135 0.6750 0.3375 9.08419623280359e-01 3.00000000000000e-01
0136 0.6800 0.3400 8.80825521395810e-01 3.28943483704846e-01
0133 0.6650 0.3325 9.67335460481353e-01 5.30983005625052e-01
0134 0.6700 0.3350 9.38840604444376e-01 3.68943483704846e-01
0131 0.6550 0.3275 1.00000000000000e+00 1.07098300562506e+00
0132 0.6600 0.3300 9.89153083224168e-01 7.72214747707528e-01
0129 0.6450 0.3225 1.00000000000000e+00 1.72901699437495e+00
0130 0.6500 0.3250 1.00000000000000e+00 1.40000000000000e+00
0127 0.6350 0.3175 1.00000000000000e+00 2.26901699437495e+00
0128 0.6400 0.3200 1.00000000000000e+00 2.02778525229247e+00
0125 0.6250 0.3125 1.00000000000000e+00 2.50000000000000e+00
0126 0.6300 0.3150 1.00000000000000e+00 2.43105651629515e+00
0123 0.6150 0.3075 1.00000000000000e+00 2.34901699437495e+00
0124 0.6200 0.3100 1.00000000000000e+00 2.47105651629515e+00
0121 0.6050 0.3025 1.00000000000000e+00 1.88901699437495e+00
0122 0.6100 0.3050 1.00000000000000e+00 2.14778525229247e+00
0119 0.5950 0.2975 9.76764219393478e-01 1.31098300562505e+00
0120 0.6000 0.3000 1.00000000000000e+00 1.60000000000000e+00
0117 0.5850 0.2925 9.55445206700618e-01 8.50983005625049e-01
0118 0.5900 0.2950 9.60053280081899e-01 1.05221474770752e+00
0115 0.5750 0.2875 9.72254558406874e-01 7.00000000000000e-01
0116 0.5800 0.2900 9.60668316754396e-01 7.28943483704846e-01
0113 0.5650 0.2825 9.96713476458336e-01 9.30983005625057e-01
0114 0.5700 0.2850 9.85867286327218e-01 7.68943483704848e-01
0111 0.5550 0.2775 1.00000000000000e+00 1.47098300562505e+00
0112 0.5600 0.2800 1.00000000000000e+00 1.17221474770753e+00
0109 0.5450 0.2725 1.00000000000000e+00 2.12901699437495e+00
0110 0.5500 0.2750 1.00000000000000e+00 1.80000000000000e+00
0107 0.5350 0.2675 1.00000000000000e+00 2.66901699437495e+00
0108 0.5400 0.2700 1.00000000000000e+00 2.42778525229247e+00
0105 0.5250 0.2625 1.00000000000000e+00 2.90000000000000e+00
0106 0.5300 0.2650 1.00000000000000e+00 2.83105651629515e+00
0103 0.5150 0.2575 1.00000000000000e+00 2.74901699437495e+00
0104 0.5200 0.2600 1.00000000000000e+00 2.87105651629515e+00
0101 0.5050 0.2525 1.00000000000000e+00 2.28901699437495e+00
0102 0.5100 0.2550 1.00000000000000e+00 2.54778525229248e+00
0099 0.4950 0.2475 1.00000000000000e+00 1.67098300562505e+00
0100 0.5000 0.2500 1.00000000000000e+00 2.00000000000000e+00
0097 0.4850 0.2425 9.97586720610287e-01 1.13098300562505e+00
0098 0.4900 0.2450 1.00000000000000e+00 1.37221474770753e+00
0095 0.4750 0.2375 9.92015577492283e-01 9.00000000000000e-01
0096 0.4800 0.2400 9.90916906359548e-01 9.68943483704846e-01
0093 0.4650 0.2325 1.00000000000000e+00 1.05098300562505e+00
0094 0.4700 0.2350 9.96616356366898e-01 9.28943483704847e-01
0091 0.4550 0.2275 1.00000000000000e+00 1.51098300562505e+00
0092 0.4600 0.2300 1.00000000000000e+00 1.25221474770753e+00
0089 0.4450 0.2225 1.00000000000000e+00 2.08901699437495e+00
0090 0.4500 0.2250 1.00000000000000e+00 1.80000000000000e+00
0087 0.4350 0.2175 1.00000000000000e+00 2.54901699437495e+00
0088 0.4400 0.2200 1.00000000000000e+00 2.34778525229247e+00
0085 0.4250 0.2125 1.00000000000000e+00 2.70000000000000e+00
0086 0.4300 0.2150 1.00000000000000e+00 2.67105651629515e+00
0083 0.4150 0.2075 1.00000000000000e+00 2.46901699437495e+00
0084 0.4200 0.2100 1.00000000000000e+00 2.63105651629515e+00
0081 0.4050 0.2025 1.00000000000000e+00 1.92901699437495e+00
0082 0.4100 0.2050 1.00000000000000e+00 2.22778525229247e+00
0079 0.3950 0.1975 9.27725965345438e-01 1.27098300562505e+00
0080 0.4000 0.2000 9.59739014614729e-01 1.60000000000000e+00
0077 0.3850 0.1925 9.07480531612592e-01 7.30983005625053e-01
0078 0.3900 0.1950 9.10563113331457e-01 9.72214747707526e-01
0075 0.3750 0.1875 9.33673504122258e-01 5.00000000000000e-01
0076 0.3800 0.1900 9.16305407911969e-01 5.68943483704846e-01
0073 0.3650 0.1825 9.76677864109547e-01 6.50983005625054e-01
0074 0.3700 0.1850 9.55357179328371e-01 5.28943483704847e-01
0071 0.3550 0.1775 1.00000000000000e+00 1.11098300562506e+00
0072 0.3600 0.1800 9.92962607033772e-01 8.52214747707527e-01
0069 0.3450 0.1725 1.00000000000000e+00 1.68901699437495e+00
0070 0.3500 0.1750 1.00000000000000e+00 1.40000000000000e+00
0067 0.3350 0.1675 1.00000000000000e+00 2.14901699437495e+00
0068 0.3400 0.1700 1.00000000000000e+00 1.94778525229247e+00
0065 0.3250 0.1625 9.69924614301820e-01 2.30000000000000e+00
0066 0.3300 0.1650 1.00000000000000e+00 2.27105651629515e+00
0063 0.3150 0.1575 8.37039061452999e-01 2.06901699437495e+00
0064 0.3200 0.1600 9.03420845016911e-01 2.23105651629515e+00
0061 0.3050 0.1525 7.22822910432620e-01 1.52901699437494e+00
0062 0.3100 0.1550 7.75440164806902e-01 1.82778525229247e+00
0059 0.2950 0.1475 6.56638866547276e-01 8.70983005625050e-01
0060 0.3000 0.1500 6.82513206235504e-01 1.20000000000000e+00
0057 0.2850 0.1425 6.49607005187679e-01 3.30983005625051e-01
0058 0.2900 0.1450 6.45921659593387e-01 5.72214747707526e-01
0055 0.2750 0.1375 6.90367941238857e-01 1.00000000000000e-01
0056 0.2800 0.1400 6.65538205165810e-01 1.68943483704846e-01
0053 0.2650 0.1325 7.49433481030597e-01 2.50983005625052e-01
0054 0.2700 0.1350 7.19886338300800e-01 1.28943483704847e-01
0051 0.2550 0.1275 7.90463067655541e-01 7.10983005625051e-01
0052 0.2600 0.1300 7.74356004800875e-01 4.52214747707527e-01
0049 0.2450 0.1225 7.84158924294919e-01 1.28901699437495e+00
0050 0.2500 0.1250 7.94437070757066e-01 1.00000000000000e+00
0047 0.2350 0.1175 7.19472559215839e-01 1.74901699437495e+00
0048 0.2400 0.1200 7.58916020790917e-01 1.54778525229247e+00
0045 0.2250 0.1125 6.07842278516021e-01 1.90000000000000e+00
0046 0.2300 0.1150 6.67995337457884e-01 1.87105651629515e+00
0043 0.2150 0.1075 4.78843286249155e-01 1.66901699437495e+00
0044 0.2200 0.1100 5.43234392441822e-01 1.83105651629515e+00
0041 0.2050 0.1025 3.68912068270385e-01 1.12901699437495e+00
0042 0.2100 0.1050 4.19334600842865e-01 1.42778525229247e+00
0039 0.1950 0.0975 3.07452163063415e-01 4.70983005625052e-01
0040 0.2000 0.1000 3.30906821965157e-01 8.00000000000000e-01
0037 0.1850 0.0925 3.05628664596723e-01 -6.90169943749477e-02
0038 0.1900 0.0950 2.99275620935333e-01 1.72214747707527e-01
0035 0.1750 0.0875 3.52131820737330e-01 -3.00000000000000e-01
0036 0.1800 0.0900 3.24360947545307e-01 -2.31056516295154e-01
0033 0.1650 0.0825 4.17528158177664e-01 -1.49016994374947e-01
0034 0.1700 0.0850 3.84738411774196e-01 -2.71056516295153e-01
0031 0.1550 0.0775 4.65537449210183e-01 3.10983005625053e-01
0032 0.1600 0.0800 4.45855415805295e-01 5.22147477075272e-02
0029 0.1450 0.0725 4.66928429958911e-01 8.89016994374948e-01
0030 0.1500 0.0750 4.73265171389440e-01 6.00000000000000e-01
0027 0.1350 0.0675 4.10725939210392e-01 1.34901699437495e+00
0028 0.1400 0.0700 4.45824001738110e-01 1.14778525229247e+00
0025 0.1250 0.0625 3.08449129960014e-01 1.50000000000000e+00
0026 0.1300 0.0650 3.63811386452164e-01 1.47105651629515e+00
0023 0.1150 0.0575 1.89762339966158e-01 1.26901699437495e+00
0024 0.1200 0.0600 2.48871586458015e-01 1.43105651629515e+00
0021 0.1050 0.0525 9.12003249933807e-02 7.29016994374947e-01
0022 0.1100 0.0550 1.35799607245718e-01 1.02778525229247e+00
0019 0.0950 0.0475 4.22749661005175e-02 7.09830056250524e-02
0020 0.1000 0.0500 5.93094915243024e-02 4.00000000000000e-01
0017 0.0850 0.0425 5.42708049451290e-02 -4.69016994374948e-01
0018 0.0900 0.0450 4.08395641242908e-02 -2.27785252292473e-01
0015 0.0750 0.0375 1.16009780471447e-01 -7.00000000000000e-01
0016 0.0800 0.0400 8.04351949111328e-02 -6.31056516295154e-01
0013 0.0650 0.0325 1.98203608784528e-01 -5.49016994374947e-01
0014 0.0700 0.0350 1.56810269495019e-01 -6.71056516295154e-01
0011 0.0550 0.0275 2.64732133504251e-01 -8.90169943749473e-02
0012 0.0600 0.0300 2.35564638942502e-01 -3.47785252292473e-01
0009 0.0450 0.0225 2.86540569393121e-01 4.89016994374948e-01
0010 0.0500 0.0250 2.82419589898211e-01 2.00000000000000e-01
0007 0.0350 0.0175 2.52848322936608e-01 9.49016994374947e-01
0008 0.0400 0.0200 2.76416748144030e-01 7.47785252292473e-01
0005 0.0250 0.0125 1.75389058018168e-01 1.10000000000000e+00
0006 0.0300 0.0150 2.18039889364691e-01 1.07105651629515e+00
0003 0.0150 0.0075 8.40636106502720e-02 8.69016994374948e-01
0004 0.0200 0.0100 1.29158510919076e-01 1.03105651629515e+00
0001 0.0050 0.0025 1.56674759226165e-02 3.29016994374947e-01
0002 0.0100 0.0050 4.48159414640383e-02 6.27785252292473e-01
0000 0.0000 0.0000 0.00000000000000e+00 0.00000000000000e+00
