0001 0.0250 0.0125 4.00000000000000e-01 2.00000000000000e+00
0002 0.0500 0.0250 7.20000000000000e-01 2.00000000000000e+00
0003 0.0750 0.0375 9.76000000000000e-01 2.00000000000000e+00
0004 0.1000 0.0500 1.00000000000000e+00 2.00000000000000e+00
0005 0.1250 0.0625 1.00000000000000e+00 2.00000000000000e+00
0006 0.1500 0.0750 1.00000000000000e+00 2.00000000000000e+00
0007 0.1750 0.0875 1.00000000000000e+00 2.00000000000000e+00
0008 0.2000 0.1000 1.00000000000000e+00 2.00000000000000e+00
0009 0.2250 0.1125 1.00000000000000e+00 2.00000000000000e+00
0010 0.2500 0.1250 1.00000000000000e+00 2.00000000000000e+00
0011 0.2750 0.1375 1.00000000000000e+00 2.00000000000000e+00
0012 0.3000 0.1500 1.00000000000000e+00 2.00000000000000e+00
0013 0.3250 0.1625 1.00000000000000e+00 2.00000000000000e+00
0014 0.3500 0.1750 1.00000000000000e+00 2.00000000000000e+00
0015 0.3750 0.1875 1.00000000000000e+00 2.00000000000000e+00
0016 0.4000 0.2000 1.00000000000000e+00 2.00000000000000e+00
0017 0.4250 0.2125 1.00000000000000e+00 2.00000000000000e+00
0018 0.4500 0.2250 1.00000000000000e+00 2.00000000000000e+00
0019 0.4750 0.2375 1.00000000000000e+00 2.00000000000000e+00
0020 0.5000 0.2500 1.00000000000000e+00 2.00000000000000e+00
0021 0.5250 0.2625 1.00000000000000e+00 2.00000000000000e+00
0022 0.5500 0.2750 1.00000000000000e+00 2.00000000000000e+00
0023 0.5750 0.2875 1.00000000000000e+00 2.00000000000000e+00
0024 0.6000 0.3000 1.00000000000000e+00 2.00000000000000e+00
0025 0.6250 0.3125 1.00000000000000e+00 2.00000000000000e+00
0026 0.6500 0.3250 1.00000000000000e+00 2.00000000000000e+00
0027 0.6750 0.3375 1.00000000000000e+00 2.00000000000000e+00
0028 0.7000 0.3500 1.00000000000000e+00 2.00000000000000e+00
0029 0.7250 0.3625 1.00000000000000e+00 2.00000000000000e+00
0030 0.7500 0.3750 1.00000000000000e+00 2.00000000000000e+00
0031 0.7750 0.3875 1.00000000000000e+00 2.00000000000000e+00
0032 0.8000 0.4000 1.00000000000000e+00 2.00000000000000e+00
0033 0.8250 0.4125 1.00000000000000e+00 2.00000000000000e+00
0034 0.8500 0.4250 1.00000000000000e+00 2.00000000000000e+00
0035 0.8750 0.4375 1.00000000000000e+00 2.00000000000000e+00
0036 0.9000 0.4500 1.00000000000000e+00 2.00000000000000e+00
0037 0.9250 0.4625 1.00000000000000e+00 2.00000000000000e+00
0038 0.9500 0.4750 1.00000000000000e+00 2.00000000000000e+00
0039 0.9750 0.4875 1.00000000000000e+00 2.00000000000000e+00
0040 1.0000 0.5000 4.00000000000000e-01 -2.00000000000000e+00
0041 1.0250 0.5125 -7.99999999999990e-02 -2.00000000000000e+00
0042 1.0500 0.5250 -4.64000000000001e-01 -2.00000000000000e+00
0043 1.0750 0.5375 -7.71200000000000e-01 -2.00000000000000e+00
0044 1.1000 0.5500 -1.00000000000000e+00 -2.00000000000000e+00
0045 1.1250 0.5625 -1.00000000000000e+00 -2.00000000000000e+00
0046 1.1500 0.5750 -1.00000000000000e+00 -2.00000000000000e+00
0047 1.1750 0.5875 -1.00000000000000e+00 -2.00000000000000e+00
0048 1.2000 0.6000 -1.00000000000000e+00 -2.00000000000000e+00
0049 1.2250 0.6125 -1.00000000000000e+00 -2.00000000000000e+00
0050 1.2500 0.6250 -1.00000000000000e+00 -2.00000000000000e+00
0051 1.2750 0.6375 -1.00000000000000e+00 -2.00000000000000e+00
0052 1.3000 0.6500 -1.00000000000000e+00 -2.00000000000000e+00
0053 1.3250 0.6625 -1.00000000000000e+00 -2.00000000000000e+00
0054 1.3500 0.6750 -1.00000000000000e+00 -2.00000000000000e+00
0055 1.3750 0.6875 -1.00000000000000e+00 -2.00000000000000e+00
0056 1.4000 0.7000 -1.00000000000000e+00 -2.00000000000000e+00
0057 1.4250 0.7125 -1.00000000000000e+00 -2.00000000000000e+00
0058 1.4500 0.7250 -1.00000000000000e+00 -2.00000000000000e+00
0059 1.4750 0.7375 -1.00000000000000e+00 -2.00000000000000e+00
0060 1.5000 0.7500 -1.00000000000000e+00 -2.00000000000000e+00
0061 1.5250 0.7625 -1.00000000000000e+00 -2.00000000000000e+00
0062 1.5500 0.7750 -1.00000000000000e+00 -2.00000000000000e+00
0063 1.5750 0.7875 -1.00000000000000e+00 -2.00000000000000e+00
0064 1.6000 0.8000 -1.00000000000000e+00 -2.00000000000000e+00
0065 1.6250 0.8125 -1.00000000000000e+00 -2.00000000000000e+00
0066 1.6500 0.8250 -1.00000000000000e+00 -2.00000000000000e+00
0067 1.6750 0.8375 -1.00000000000000e+00 -2.00000000000000e+00
0068 1.7000 0.8500 -1.00000000000000e+00 -2.00000000000000e+00
0069 1.7250 0.8625 -1.00000000000000e+00 -2.00000000000000e+00
0070 1.7500 0.8750 -1.00000000000000e+00 -2.00000000000000e+00
0071 1.7750 0.8875 -1.00000000000000e+00 -2.00000000000000e+00
0072 1.8000 0.9000 -1.00000000000000e+00 -2.00000000000000e+00
0073 1.8250 0.9125 -1.00000000000000e+00 -2.00000000000000e+00
0074 1.8500 0.9250 -1.00000000000000e+00 -2.00000000000000e+00
0075 1.8750 0.9375 -1.00000000000000e+00 -2.00000000000000e+00
0076 1.9000 0.9500 -1.00000000000000e+00 -2.00000000000000e+00
0077 1.9250 0.9625 -1.00000000000000e+00 -2.00000000000000e+00
0078 1.9500 0.9750 -1.00000000000000e+00 -2.00000000000000e+00
0079 1.9750 0.9875 -1.00000000000000e+00 -2.00000000000000e+00
0080 2.0000 1.0000 -4.00000000000002e-01 2.00000000000000e+00
0081 2.0250 1.0125 7.99999999999972e-02 2.00000000000000e+00
0082 2.0500 1.0250 4.63999999999997e-01 2.00000000000000e+00
0083 2.0750 1.0375 7.71200000000001e-01 2.00000000000000e+00
0084 2.1000 1.0500 1.00000000000000e+00 2.00000000000000e+00
0085 2.1250 1.0625 1.00000000000000e+00 2.00000000000000e+00
0086 2.1500 1.0750 1.00000000000000e+00 2.00000000000000e+00
0087 2.1750 1.0875 1.00000000000000e+00 2.00000000000000e+00
0088 2.2000 1.1000 1.00000000000000e+00 2.00000000000000e+00
0089 2.2250 1.1125 1.00000000000000e+00 2.00000000000000e+00
0090 2.2500 1.1250 1.00000000000000e+00 2.00000000000000e+00
0091 2.2750 1.1375 1.00000000000000e+00 2.00000000000000e+00
0092 2.3000 1.1500 1.00000000000000e+00 2.00000000000000e+00
0093 2.3250 1.1625 1.00000000000000e+00 2.00000000000000e+00
0094 2.3500 1.1750 1.00000000000000e+00 2.00000000000000e+00
0095 2.3750 1.1875 1.00000000000000e+00 2.00000000000000e+00
0096 2.4000 1.2000 1.00000000000000e+00 2.00000000000000e+00
0097 2.4250 1.2125 1.00000000000000e+00 2.00000000000000e+00
0098 2.4500 1.2250 1.00000000000000e+00 2.00000000000000e+00
0099 2.4750 1.2375 1.00000000000000e+00 2.00000000000000e+00
0100 2.5000 1.2500 1.00000000000000e+00 2.00000000000000e+00
0101 2.5250 1.2625 1.00000000000000e+00 2.00000000000000e+00
0102 2.5500 1.2750 1.00000000000000e+00 2.00000000000000e+00
0103 2.5750 1.2875 1.00000000000000e+00 2.00000000000000e+00
0104 2.6000 1.3000 1.00000000000000e+00 2.00000000000000e+00
0105 2.6250 1.3125 1.00000000000000e+00 2.00000000000000e+00
0106 2.6500 1.3250 1.00000000000000e+00 2.00000000000000e+00
0107 2.6750 1.3375 1.00000000000000e+00 2.00000000000000e+00
0108 2.7000 1.3500 1.00000000000000e+00 2.00000000000000e+00
0109 2.7250 1.3625 1.00000000000000e+00 2.00000000000000e+00
0110 2.7500 1.3750 1.00000000000000e+00 2.00000000000000e+00
0111 2.7750 1.3875 1.00000000000000e+00 2.00000000000000e+00
0112 2.8000 1.4000 1.00000000000000e+00 2.00000000000000e+00
0113 2.8250 1.4125 1.00000000000000e+00 2.00000000000000e+00
0114 2.8500 1.4250 1.00000000000000e+00 2.00000000000000e+00
0115 2.8750 1.4375 1.00000000000000e+00 2.00000000000000e+00
0116 2.9000 1.4500 1.00000000000000e+00 2.00000000000000e+00
0117 2.9250 1.4625 1.00000000000000e+00 2.00000000000000e+00
0118 2.9500 1.4750 1.00000000000000e+00 2.00000000000000e+00
0119 2.9750 1.4875 1.00000000000000e+00 2.00000000000000e+00
0120 3.0000 1.5000 4.00000000000002e-01 -2.00000000000000e+00
0121 3.0250 1.5125 -7.99999999999972e-02 -2.00000000000000e+00
0122 3.0500 1.5250 -4.63999999999997e-01 -2.00000000000000e+00
0123 3.0750 1.5375 -7.71200000000001e-01 -2.00000000000000e+00
0124 3.1000 1.5500 -1.00000000000000e+00 -2.00000000000000e+00
0125 3.1250 1.5625 -1.00000000000000e+00 -2.00000000000000e+00
0126 3.1500 1.5750 -1.00000000000000e+00 -2.00000000000000e+00
0127 3.1750 1.5875 -1.00000000000000e+00 -2.00000000000000e+00
0128 3.2000 1.6000 -1.00000000000000e+00 -2.00000000000000e+00
0129 3.2250 1.6125 -1.00000000000000e+00 -2.00000000000000e+00
0130 3.2500 1.6250 -1.00000000000000e+00 -2.00000000000000e+00
0131 3.2750 1.6375 -1.00000000000000e+00 -2.00000000000000e+00
0132 3.3000 1.6500 -1.00000000000000e+00 -2.00000000000000e+00
0133 3.3250 1.6625 -1.00000000000000e+00 -2.00000000000000e+00
0134 3.3500 1.6750 -1.00000000000000e+00 -2.00000000000000e+00
0135 3.3750 1.6875 -1.00000000000000e+00 -2.00000000000000e+00
0136 3.4000 1.7000 -1.00000000000000e+00 -2.00000000000000e+00
0137 3.4250 1.7125 -1.00000000000000e+00 -2.00000000000000e+00
0138 3.4500 1.7250 -1.00000000000000e+00 -2.00000000000000e+00
0139 3.4750 1.7375 -1.00000000000000e+00 -2.00000000000000e+00
0140 3.5000 1.7500 -1.00000000000000e+00 -2.00000000000000e+00
0141 3.5250 1.7625 -1.00000000000000e+00 -2.00000000000000e+00
0142 3.5500 1.7750 -1.00000000000000e+00 -2.00000000000000e+00
0143 3.5750 1.7875 -1.00000000000000e+00 -2.00000000000000e+00
0144 3.6000 1.8000 -1.00000000000000e+00 -2.00000000000000e+00
0145 3.6250 1.8125 -1.00000000000000e+00 -2.00000000000000e+00
0146 3.6500 1.8250 -1.00000000000000e+00 -2.00000000000000e+00
0147 3.6750 1.8375 -1.00000000000000e+00 -2.00000000000000e+00
0148 3.7000 1.8500 -1.00000000000000e+00 -2.00000000000000e+00
0149 3.7250 1.8625 -1.00000000000000e+00 -2.00000000000000e+00
0150 3.7500 1.8750 -1.00000000000000e+00 -2.00000000000000e+00
0151 3.7750 1.8875 -1.00000000000000e+00 -2.00000000000000e+00
0152 3.8000 1.9000 -1.00000000000000e+00 -2.00000000000000e+00
0153 3.8250 1.9125 -1.00000000000000e+00 -2.00000000000000e+00
0154 3.8500 1.9250 -1.00000000000000e+00 -2.00000000000000e+00
0155 3.8750 1.9375 -1.00000000000000e+00 -2.00000000000000e+00
0156 3.9000 1.9500 -1.00000000000000e+00 -2.00000000000000e+00
0157 3.9250 1.9625 -1.00000000000000e+00 -2.00000000000000e+00
0158 3.9500 1.9750 -1.00000000000000e+00 -2.00000000000000e+00
0159 3.9750 1.9875 -1.00000000000000e+00 -2.00000000000000e+00
0160 4.0000 2.0000 -4.00000000000002e-01 2.00000000000000e+00
0161 4.0250 2.0125 8.00000000000041e-02 2.00000000000000e+00
0162 4.0500 2.0250 4.63999999999997e-01 2.00000000000000e+00
0163 4.0750 2.0375 7.71200000000001e-01 2.00000000000000e+00
0164 4.1000 2.0500 1.00000000000000e+00 2.00000000000000e+00
0165 4.1250 2.0625 1.00000000000000e+00 2.00000000000000e+00
0166 4.1500 2.0750 1.00000000000000e+00 2.00000000000000e+00
0167 4.1750 2.0875 1.00000000000000e+00 2.00000000000000e+00
0168 4.2000 2.1000 1.00000000000000e+00 2.00000000000000e+00
0169 4.2250 2.1125 1.00000000000000e+00 2.00000000000000e+00
0170 4.2500 2.1250 1.00000000000000e+00 2.00000000000000e+00
0171 4.2750 2.1375 1.00000000000000e+00 2.00000000000000e+00
0172 4.3000 2.1500 1.00000000000000e+00 2.00000000000000e+00
0173 4.3250 2.1625 1.00000000000000e+00 2.00000000000000e+00
0174 4.3500 2.1750 1.00000000000000e+00 2.00000000000000e+00
0175 4.3750 2.1875 1.00000000000000e+00 2.00000000000000e+00
0176 4.4000 2.2000 1.00000000000000e+00 2.00000000000000e+00
0177 4.4250 2.2125 1.00000000000000e+00 2.00000000000000e+00
0178 4.4500 2.2250 1.00000000000000e+00 2.00000000000000e+00
0179 4.4750 2.2375 1.00000000000000e+00 2.00000000000000e+00
0180 4.5000 2.2500 1.00000000000000e+00 2.00000000000000e+00
0181 4.5250 2.2625 1.00000000000000e+00 2.00000000000000e+00
0182 4.5500 2.2750 1.00000000000000e+00 2.00000000000000e+00
0183 4.5750 2.2875 1.00000000000000e+00 2.00000000000000e+00
0184 4.6000 2.3000 1.00000000000000e+00 2.00000000000000e+00
0185 4.6250 2.3125 1.00000000000000e+00 2.00000000000000e+00
0186 4.6500 2.3250 1.00000000000000e+00 2.00000000000000e+00
0187 4.6750 2.3375 1.00000000000000e+00 2.00000000000000e+00
0188 4.7000 2.3500 1.00000000000000e+00 2.00000000000000e+00
0189 4.7250 2.3625 1.00000000000000e+00 2.00000000000000e+00
0190 4.7500 2.3750 1.00000000000000e+00 2.00000000000000e+00
0191 4.7750 2.3875 1.00000000000000e+00 2.00000000000000e+00
0192 4.8000 2.4000 1.00000000000000e+00 2.00000000000000e+00
0193 4.8250 2.4125 1.00000000000000e+00 2.00000000000000e+00
0194 4.8500 2.4250 1.00000000000000e+00 2.00000000000000e+00
0195 4.8750 2.4375 1.00000000000000e+00 2.00000000000000e+00
0196 4.9000 2.4500 1.00000000000000e+00 2.00000000000000e+00
0197 4.9250 2.4625 1.00000000000000e+00 2.00000000000000e+00
0198 4.9500 2.4750 1.00000000000000e+00 2.00000000000000e+00
0199 4.9750 2.4875 1.00000000000000e+00 2.00000000000000e+00
0200 5.0000 2.5000 3.99999999999993e-01 -2.00000000000000e+00
0201 5.0250 2.5125 -8.00000000000109e-02 -2.00000000000000e+00
0202 5.0500 2.5250 -4.64000000000002e-01 -2.00000000000000e+00
0203 5.0750 2.5375 -7.71200000000005e-01 -2.00000000000000e+00
0204 5.1000 2.5500 -1.00000000000000e+00 -2.00000000000000e+00
0205 5.1250 2.5625 -1.00000000000000e+00 -2.00000000000000e+00
0206 5.1500 2.5750 -1.00000000000000e+00 -2.00000000000000e+00
0207 5.1750 2.5875 -1.00000000000000e+00 -2.00000000000000e+00
0208 5.2000 2.6000 -1.00000000000000e+00 -2.00000000000000e+00
0209 5.2250 2.6125 -1.00000000000000e+00 -2.00000000000000e+00
0210 5.2500 2.6250 -1.00000000000000e+00 -2.00000000000000e+00
0211 5.2750 2.6375 -1.00000000000000e+00 -2.00000000000000e+00
0212 5.3000 2.6500 -1.00000000000000e+00 -2.00000000000000e+00
0213 5.3250 2.6625 -1.00000000000000e+00 -2.00000000000000e+00
0214 5.3500 2.6750 -1.00000000000000e+00 -2.00000000000000e+00
0215 5.3750 2.6875 -1.00000000000000e+00 -2.00000000000000e+00
0216 5.4000 2.7000 -1.00000000000000e+00 -2.00000000000000e+00
0217 5.4250 2.7125 -1.00000000000000e+00 -2.00000000000000e+00
0218 5.4500 2.7250 -1.00000000000000e+00 -2.00000000000000e+00
0219 5.4750 2.7375 -1.00000000000000e+00 -2.00000000000000e+00
0220 5.5000 2.7500 -1.00000000000000e+00 -2.00000000000000e+00
0221 5.5250 2.7625 -1.00000000000000e+00 -2.00000000000000e+00
0222 5.5500 2.7750 -1.00000000000000e+00 -2.00000000000000e+00
0223 5.5750 2.7875 -1.00000000000000e+00 -2.00000000000000e+00
0224 5.6000 2.8000 -1.00000000000000e+00 -2.00000000000000e+00
0225 5.6250 2.8125 -1.00000000000000e+00 -2.00000000000000e+00
0226 5.6500 2.8250 -1.00000000000000e+00 -2.00000000000000e+00
0227 5.6750 2.8375 -1.00000000000000e+00 -2.00000000000000e+00
0228 5.7000 2.8500 -1.00000000000000e+00 -2.00000000000000e+00
0229 5.7250 2.8625 -1.00000000000000e+00 -2.00000000000000e+00
0230 5.7500 2.8750 -1.00000000000000e+00 -2.00000000000000e+00
0231 5.7750 2.8875 -1.00000000000000e+00 -2.00000000000000e+00
0232 5.8000 2.9000 -1.00000000000000e+00 -2.00000000000000e+00
0233 5.8250 2.9125 -1.00000000000000e+00 -2.00000000000000e+00
0234 5.8500 2.9250 -1.00000000000000e+00 -2.00000000000000e+00
0235 5.8750 2.9375 -1.00000000000000e+00 -2.00000000000000e+00
0236 5.9000 2.9500 -1.00000000000000e+00 -2.00000000000000e+00
0237 5.9250 2.9625 -1.00000000000000e+00 -2.00000000000000e+00
0238 5.9500 2.9750 -1.00000000000000e+00 -2.00000000000000e+00
0239 5.9750 2.9875 -1.00000000000000e+00 -2.00000000000000e+00
0240 6.0000 3.0000 -3.99999999999993e-01 2.00000000000000e+00
0241 6.0250 3.0125 8.00000000000109e-02 2.00000000000000e+00
0242 6.0500 3.0250 4.64000000000002e-01 2.00000000000000e+00
0243 6.0750 3.0375 7.71200000000005e-01 2.00000000000000e+00
0244 6.1000 3.0500 1.00000000000000e+00 2.00000000000000e+00
0245 6.1250 3.0625 1.00000000000000e+00 2.00000000000000e+00
0246 6.1500 3.0750 1.00000000000000e+00 2.00000000000000e+00
0247 6.1750 3.0875 1.00000000000000e+00 2.00000000000000e+00
0248 6.2000 3.1000 1.00000000000000e+00 2.00000000000000e+00
0249 6.2250 3.1125 1.00000000000000e+00 2.00000000000000e+00
0250 6.2500 3.1250 1.00000000000000e+00 2.00000000000000e+00
0251 6.2750 3.1375 1.00000000000000e+00 2.00000000000000e+00
0252 6.3000 3.1500 1.00000000000000e+00 2.00000000000000e+00
0253 6.3250 3.1625 1.00000000000000e+00 2.00000000000000e+00
0254 6.3500 3.1750 1.00000000000000e+00 2.00000000000000e+00
0255 6.3750 3.1875 1.00000000000000e+00 2.00000000000000e+00
0256 6.4000 3.2000 1.00000000000000e+00 2.00000000000000e+00
0257 6.4250 3.2125 1.00000000000000e+00 2.00000000000000e+00
0258 6.4500 3.2250 1.00000000000000e+00 2.00000000000000e+00
0259 6.4750 3.2375 1.00000000000000e+00 2.00000000000000e+00
0260 6.5000 3.2500 1.00000000000000e+00 2.00000000000000e+00
0261 6.5250 3.2625 1.00000000000000e+00 2.00000000000000e+00
0262 6.5500 3.2750 1.00000000000000e+00 2.00000000000000e+00
0263 6.5750 3.2875 1.00000000000000e+00 2.00000000000000e+00
0264 6.6000 3.3000 1.00000000000000e+00 2.00000000000000e+00
0265 6.6250 3.3125 1.00000000000000e+00 2.00000000000000e+00
0266 6.6500 3.3250 1.00000000000000e+00 2.00000000000000e+00
0267 6.6750 3.3375 1.00000000000000e+00 2.00000000000000e+00
0268 6.7000 3.3500 1.00000000000000e+00 2.00000000000000e+00
0269 6.7250 3.3625 1.00000000000000e+00 2.00000000000000e+00
0270 6.7500 3.3750 1.00000000000000e+00 2.00000000000000e+00
0271 6.7750 3.3875 1.00000000000000e+00 2.00000000000000e+00
0272 6.8000 3.4000 1.00000000000000e+00 2.00000000000000e+00
0273 6.8250 3.4125 1.00000000000000e+00 2.00000000000000e+00
0274 6.8500 3.4250 1.00000000000000e+00 2.00000000000000e+00
0275 6.8750 3.4375 1.00000000000000e+00 2.00000000000000e+00
0276 6.9000 3.4500 1.00000000000000e+00 2.00000000000000e+00
0277 6.9250 3.4625 1.00000000000000e+00 2.00000000000000e+00
0278 6.9500 3.4750 1.00000000000000e+00 2.00000000000000e+00
0279 6.9750 3.4875 1.00000000000000e+00 2.00000000000000e+00
0280 7.0000 3.5000 3.99999999999993e-01 -2.00000000000000e+00
0281 7.0250 3.5125 -8.00000000000109e-02 -2.00000000000000e+00
0282 7.0500 3.5250 -4.64000000000002e-01 -2.00000000000000e+00
0283 7.0750 3.5375 -7.71200000000005e-01 -2.00000000000000e+00
0284 7.1000 3.5500 -1.00000000000000e+00 -2.00000000000000e+00
0285 7.1250 3.5625 -1.00000000000000e+00 -2.00000000000000e+00
0286 7.1500 3.5750 -1.00000000000000e+00 -2.00000000000000e+00
0287 7.1750 3.5875 -1.00000000000000e+00 -2.00000000000000e+00
0288 7.2000 3.6000 -1.00000000000000e+00 -2.00000000000000e+00
0289 7.2250 3.6125 -1.00000000000000e+00 -2.00000000000000e+00
0290 7.2500 3.6250 -1.00000000000000e+00 -2.00000000000000e+00
0291 7.2750 3.6375 -1.00000000000000e+00 -2.00000000000000e+00
0292 7.3000 3.6500 -1.00000000000000e+00 -2.00000000000000e+00
0293 7.3250 3.6625 -1.00000000000000e+00 -2.00000000000000e+00
0294 7.3500 3.6750 -1.00000000000000e+00 -2.00000000000000e+00
0295 7.3750 3.6875 -1.00000000000000e+00 -2.00000000000000e+00
0296 7.4000 3.7000 -1.00000000000000e+00 -2.00000000000000e+00
0297 7.4250 3.7125 -1.00000000000000e+00 -2.00000000000000e+00
0298 7.4500 3.7250 -1.00000000000000e+00 -2.00000000000000e+00
0299 7.4750 3.7375 -1.00000000000000e+00 -2.00000000000000e+00
0300 7.5000 3.7500 -1.00000000000000e+00 -2.00000000000000e+00
0301 7.5250 3.7625 -1.00000000000000e+00 -2.00000000000000e+00
0302 7.5500 3.7750 -1.00000000000000e+00 -2.00000000000000e+00
0303 7.5750 3.7875 -1.00000000000000e+00 -2.00000000000000e+00
0304 7.6000 3.8000 -1.00000000000000e+00 -2.00000000000000e+00
0305 7.6250 3.8125 -1.00000000000000e+00 -2.00000000000000e+00
0306 7.6500 3.8250 -1.00000000000000e+00 -2.00000000000000e+00
0307 7.6750 3.8375 -1.00000000000000e+00 -2.00000000000000e+00
0308 7.7000 3.8500 -1.00000000000000e+00 -2.00000000000000e+00
0309 7.7250 3.8625 -1.00000000000000e+00 -2.00000000000000e+00
0310 7.7500 3.8750 -1.00000000000000e+00 -2.00000000000000e+00
0311 7.7750 3.8875 -1.00000000000000e+00 -2.00000000000000e+00
0312 7.8000 3.9000 -1.00000000000000e+00 -2.00000000000000e+00
0313 7.8250 3.9125 -1.00000000000000e+00 -2.00000000000000e+00
0314 7.8500 3.9250 -1.00000000000000e+00 -2.00000000000000e+00
0315 7.8750 3.9375 -1.00000000000000e+00 -2.00000000000000e+00
0316 7.9000 3.9500 -1.00000000000000e+00 -2.00000000000000e+00
0317 7.9250 3.9625 -1.00000000000000e+00 -2.00000000000000e+00
0318 7.9500 3.9750 -1.00000000000000e+00 -2.00000000000000e+00
0319 7.9750 3.9875 -1.00000000000000e+00 -2.00000000000000e+00
0320 8.0000 4.0000 -3.99999999999993e-01 2.00000000000000e+00
0321 8.0250 4.0125 8.00000000000109e-02 2.00000000000000e+00
0322 8.0500 4.0250 4.64000000000013e-01 2.00000000000000e+00
0323 8.0750 4.0375 7.71199999999997e-01 2.00000000000000e+00
0324 8.1000 4.0500 1.00000000000000e+00 2.00000000000000e+00
0325 8.1250 4.0625 1.00000000000000e+00 2.00000000000000e+00
0326 8.1500 4.0750 1.00000000000000e+00 2.00000000000000e+00
0327 8.1750 4.0875 1.00000000000000e+00 2.00000000000000e+00
0328 8.2000 4.1000 1.00000000000000e+00 2.00000000000000e+00
0329 8.2250 4.1125 1.00000000000000e+00 2.00000000000000e+00
0330 8.2500 4.1250 1.00000000000000e+00 2.00000000000000e+00
0331 8.2750 4.1375 1.00000000000000e+00 2.00000000000000e+00
0332 8.3000 4.1500 1.00000000000000e+00 2.00000000000000e+00
0333 8.3250 4.1625 1.00000000000000e+00 2.00000000000000e+00
0334 8.3500 4.1750 1.00000000000000e+00 2.00000000000000e+00
0335 8.3750 4.1875 1.00000000000000e+00 2.00000000000000e+00
0336 8.4000 4.2000 1.00000000000000e+00 2.00000000000000e+00
0337 8.4250 4.2125 1.00000000000000e+00 2.00000000000000e+00
0338 8.4500 4.2250 1.00000000000000e+00 2.00000000000000e+00
0339 8.4750 4.2375 1.00000000000000e+00 2.00000000000000e+00
0340 8.5000 4.2500 1.00000000000000e+00 2.00000000000000e+00
0341 8.5250 4.2625 1.00000000000000e+00 2.00000000000000e+00
0342 8.5500 4.2750 1.00000000000000e+00 2.00000000000000e+00
0343 8.5750 4.2875 1.00000000000000e+00 2.00000000000000e+00
0344 8.6000 4.3000 1.00000000000000e+00 2.00000000000000e+00
0345 8.6250 4.3125 1.00000000000000e+00 2.00000000000000e+00
0346 8.6500 4.3250 1.00000000000000e+00 2.00000000000000e+00
0347 8.6750 4.3375 1.00000000000000e+00 2.00000000000000e+00
0348 8.7000 4.3500 1.00000000000000e+00 2.00000000000000e+00
0349 8.7250 4.3625 1.00000000000000e+00 2.00000000000000e+00
0350 8.7500 4.3750 1.00000000000000e+00 2.00000000000000e+00
0351 8.7750 4.3875 1.00000000000000e+00 2.00000000000000e+00
0352 8.8000 4.4000 1.00000000000000e+00 2.00000000000000e+00
0353 8.8250 4.4125 1.00000000000000e+00 2.00000000000000e+00
0354 8.8500 4.4250 1.00000000000000e+00 2.00000000000000e+00
0355 8.8750 4.4375 1.00000000000000e+00 2.00000000000000e+00
0356 8.9000 4.4500 1.00000000000000e+00 2.00000000000000e+00
0357 8.9250 4.4625 1.00000000000000e+00 2.00000000000000e+00
0358 8.9500 4.4750 1.00000000000000e+00 2.00000000000000e+00
0359 8.9750 4.4875 1.00000000000000e+00 2.00000000000000e+00
0360 9.0000 4.5000 3.99999999999993e-01 -2.00000000000000e+00
0361 9.0250 4.5125 -8.00000000000109e-02 -2.00000000000000e+00
0362 9.0500 4.5250 -4.64000000000013e-01 -2.00000000000000e+00
0363 9.0750 4.5375 -7.71199999999997e-01 -2.00000000000000e+00
0364 9.1000 4.5500 -1.00000000000000e+00 -2.00000000000000e+00
0365 9.1250 4.5625 -1.00000000000000e+00 -2.00000000000000e+00
0366 9.1500 4.5750 -1.00000000000000e+00 -2.00000000000000e+00
0367 9.1750 4.5875 -1.00000000000000e+00 -2.00000000000000e+00
0368 9.2000 4.6000 -1.00000000000000e+00 -2.00000000000000e+00
0369 9.2250 4.6125 -1.00000000000000e+00 -2.00000000000000e+00
0370 9.2500 4.6250 -1.00000000000000e+00 -2.00000000000000e+00
0371 9.2750 4.6375 -1.00000000000000e+00 -2.00000000000000e+00
0372 9.3000 4.6500 -1.00000000000000e+00 -2.00000000000000e+00
0373 9.3250 4.6625 -1.00000000000000e+00 -2.00000000000000e+00
0374 9.3500 4.6750 -1.00000000000000e+00 -2.00000000000000e+00
0375 9.3750 4.6875 -1.00000000000000e+00 -2.00000000000000e+00
0376 9.4000 4.7000 -1.00000000000000e+00 -2.00000000000000e+00
0377 9.4250 4.7125 -1.00000000000000e+00 -2.00000000000000e+00
0378 9.4500 4.7250 -1.00000000000000e+00 -2.00000000000000e+00
0379 9.4750 4.7375 -1.00000000000000e+00 -2.00000000000000e+00
0380 9.5000 4.7500 -1.00000000000000e+00 -2.00000000000000e+00
0381 9.5250 4.7625 -1.00000000000000e+00 -2.00000000000000e+00
0382 9.5500 4.7750 -1.00000000000000e+00 -2.00000000000000e+00
0383 9.5750 4.7875 -1.00000000000000e+00 -2.00000000000000e+00
0384 9.6000 4.8000 -1.00000000000000e+00 -2.00000000000000e+00
0385 9.6250 4.8125 -1.00000000000000e+00 -2.00000000000000e+00
0386 9.6500 4.8250 -1.00000000000000e+00 -2.00000000000000e+00
0387 9.6750 4.8375 -1.00000000000000e+00 -2.00000000000000e+00
0388 9.7000 4.8500 -1.00000000000000e+00 -2.00000000000000e+00
0389 9.7250 4.8625 -1.00000000000000e+00 -2.00000000000000e+00
0390 9.7500 4.8750 -1.00000000000000e+00 -2.00000000000000e+00
0391 9.7750 4.8875 -1.00000000000000e+00 -2.00000000000000e+00
0392 9.8000 4.9000 -1.00000000000000e+00 -2.00000000000000e+00
0393 9.8250 4.9125 -1.00000000000000e+00 -2.00000000000000e+00
0394 9.8500 4.9250 -1.00000000000000e+00 -2.00000000000000e+00
0395 9.8750 4.9375 -1.00000000000000e+00 -2.00000000000000e+00
0396 9.9000 4.9500 -1.00000000000000e+00 -2.00000000000000e+00
0397 9.9250 4.9625 -1.00000000000000e+00 -2.00000000000000e+00
0398 9.9500 4.9750 -1.00000000000000e+00 -2.00000000000000e+00
0399 9.9750 4.9875 -1.00000000000000e+00 -2.00000000000000e+00
0400 10.0000 5.0000 -3.99999999999993e-01 2.00000000000000e+00
0401 10.0250 5.0125 8.00000000000109e-02 2.00000000000000e+00
0402 10.0500 5.0250 4.64000000000013e-01 2.00000000000000e+00
0403 10.0750 5.0375 7.71199999999997e-01 2.00000000000000e+00
0404 10.1000 5.0500 1.00000000000000e+00 2.00000000000000e+00
0405 10.1250 5.0625 1.00000000000000e+00 2.00000000000000e+00
0406 10.1500 5.0750 1.00000000000000e+00 2.00000000000000e+00
0407 10.1750 5.0875 1.00000000000000e+00 2.00000000000000e+00
0408 10.2000 5.1000 1.00000000000000e+00 2.00000000000000e+00
0409 10.2250 5.1125 1.00000000000000e+00 2.00000000000000e+00
0410 10.2500 5.1250 1.00000000000000e+00 2.00000000000000e+00
0411 10.2750 5.1375 1.00000000000000e+00 2.00000000000000e+00
0412 10.3000 5.1500 1.00000000000000e+00 2.00000000000000e+00
0413 10.3250 5.1625 1.00000000000000e+00 2.00000000000000e+00
0414 10.3500 5.1750 1.00000000000000e+00 2.00000000000000e+00
0415 10.3750 5.1875 1.00000000000000e+00 2.00000000000000e+00
0416 10.4000 5.2000 1.00000000000000e+00 2.00000000000000e+00
0417 10.4250 5.2125 1.00000000000000e+00 2.00000000000000e+00
0418 10.4500 5.2250 1.00000000000000e+00 2.00000000000000e+00
0419 10.4750 5.2375 1.00000000000000e+00 2.00000000000000e+00
0420 10.5000 5.2500 1.00000000000000e+00 2.00000000000000e+00
0421 10.5250 5.2625 1.00000000000000e+00 2.00000000000000e+00
0422 10.5500 5.2750 1.00000000000000e+00 2.00000000000000e+00
0423 10.5750 5.2875 1.00000000000000e+00 2.00000000000000e+00
0424 10.6000 5.3000 1.00000000000000e+00 2.00000000000000e+00
0425 10.6250 5.3125 1.00000000000000e+00 2.00000000000000e+00
0426 10.6500 5.3250 1.00000000000000e+00 2.00000000000000e+00
0427 10.6750 5.3375 1.00000000000000e+00 2.00000000000000e+00
0428 10.7000 5.3500 1.00000000000000e+00 2.00000000000000e+00
0429 10.7250 5.3625 1.00000000000000e+00 2.00000000000000e+00
0430 10.7500 5.3750 1.00000000000000e+00 2.00000000000000e+00
0431 10.7750 5.3875 1.00000000000000e+00 2.00000000000000e+00
0432 10.8000 5.4000 1.00000000000000e+00 2.00000000000000e+00
0433 10.8250 5.4125 1.00000000000000e+00 2.00000000000000e+00
0434 10.8500 5.4250 1.00000000000000e+00 2.00000000000000e+00
0435 10.8750 5.4375 1.00000000000000e+00 2.00000000000000e+00
0436 10.9000 5.4500 1.00000000000000e+00 2.00000000000000e+00
0437 10.9250 5.4625 1.00000000000000e+00 2.00000000000000e+00
0438 10.9500 5.4750 1.00000000000000e+00 2.00000000000000e+00
0439 10.9750 5.4875 1.00000000000000e+00 2.00000000000000e+00
0440 11.0000 5.5000 3.99999999999993e-01 -2.00000000000000e+00
0441 11.0250 5.5125 -8.00000000000109e-02 -2.00000000000000e+00
0442 11.0500 5.5250 -4.64000000000013e-01 -2.00000000000000e+00
0443 11.0750 5.5375 -7.71199999999997e-01 -2.00000000000000e+00
0444 11.1000 5.5500 -1.00000000000000e+00 -2.00000000000000e+00
0445 11.1250 5.5625 -1.00000000000000e+00 -2.00000000000000e+00
0446 11.1500 5.5750 -1.00000000000000e+00 -2.00000000000000e+00
0447 11.1750 5.5875 -1.00000000000000e+00 -2.00000000000000e+00
0448 11.2000 5.6000 -1.00000000000000e+00 -2.00000000000000e+00
0449 11.2250 5.6125 -1.00000000000000e+00 -2.00000000000000e+00
0450 11.2500 5.6250 -1.00000000000000e+00 -2.00000000000000e+00
0451 11.2750 5.6375 -1.00000000000000e+00 -2.00000000000000e+00
0452 11.3000 5.6500 -1.00000000000000e+00 -2.00000000000000e+00
0453 11.3250 5.6625 -1.00000000000000e+00 -2.00000000000000e+00
0454 11.3500 5.6750 -1.00000000000000e+00 -2.00000000000000e+00
0455 11.3750 5.6875 -1.00000000000000e+00 -2.00000000000000e+00
0456 11.4000 5.7000 -1.00000000000000e+00 -2.00000000000000e+00
0457 11.4250 5.7125 -1.00000000000000e+00 -2.00000000000000e+00
0458 11.4500 5.7250 -1.00000000000000e+00 -2.00000000000000e+00
0459 11.4750 5.7375 -1.00000000000000e+00 -2.00000000000000e+00
0460 11.5000 5.7500 -1.00000000000000e+00 -2.00000000000000e+00
0461 11.5250 5.7625 -1.00000000000000e+00 -2.00000000000000e+00
0462 11.5500 5.7750 -1.00000000000000e+00 -2.00000000000000e+00
0463 11.5750 5.7875 -1.00000000000000e+00 -2.00000000000000e+00
0464 11.6000 5.8000 -1.00000000000000e+00 -2.00000000000000e+00
0465 11.6250 5.8125 -1.00000000000000e+00 -2.00000000000000e+00
0466 11.6500 5.8250 -1.00000000000000e+00 -2.00000000000000e+00
0467 11.6750 5.8375 -1.00000000000000e+00 -2.00000000000000e+00
0468 11.7000 5.8500 -1.00000000000000e+00 -2.00000000000000e+00
0469 11.7250 5.8625 -1.00000000000000e+00 -2.00000000000000e+00
0470 11.7500 5.8750 -1.00000000000000e+00 -2.00000000000000e+00
0471 11.7750 5.8875 -1.00000000000000e+00 -2.00000000000000e+00
0472 11.8000 5.9000 -1.00000000000000e+00 -2.00000000000000e+00
0473 11.8250 5.9125 -1.00000000000000e+00 -2.00000000000000e+00
0474 11.8500 5.9250 -1.00000000000000e+00 -2.00000000000000e+00
0475 11.8750 5.9375 -1.00000000000000e+00 -2.00000000000000e+00
0476 11.9000 5.9500 -1.00000000000000e+00 -2.00000000000000e+00
0477 11.9250 5.9625 -1.00000000000000e+00 -2.00000000000000e+00
0478 11.9500 5.9750 -1.00000000000000e+00 -2.00000000000000e+00
0479 11.9750 5.9875 -1.00000000000000e+00 -2.00000000000000e+00
0480 12.0000 6.0000 -3.99999999999993e-01 2.00000000000000e+00
0481 12.0250 6.0125 8.00000000000109e-02 2.00000000000000e+00
0482 12.0500 6.0250 4.64000000000013e-01 2.00000000000000e+00
0483 12.0750 6.0375 7.71199999999997e-01 2.00000000000000e+00
0484 12.1000 6.0500 1.00000000000000e+00 2.00000000000000e+00
0485 12.1250 6.0625 1.00000000000000e+00 2.00000000000000e+00
0486 12.1500 6.0750 1.00000000000000e+00 2.00000000000000e+00
0487 12.1750 6.0875 1.00000000000000e+00 2.00000000000000e+00
0488 12.2000 6.1000 1.00000000000000e+00 2.00000000000000e+00
0489 12.2250 6.1125 1.00000000000000e+00 2.00000000000000e+00
0490 12.2500 6.1250 1.00000000000000e+00 2.00000000000000e+00
0491 12.2750 6.1375 1.00000000000000e+00 2.00000000000000e+00
0492 12.3000 6.1500 1.00000000000000e+00 2.00000000000000e+00
0493 12.3250 6.1625 1.00000000000000e+00 2.00000000000000e+00
0494 12.3500 6.1750 1.00000000000000e+00 2.00000000000000e+00
0495 12.3750 6.1875 1.00000000000000e+00 2.00000000000000e+00
0496 12.4000 6.2000 1.00000000000000e+00 2.00000000000000e+00
0497 12.4250 6.2125 1.00000000000000e+00 2.00000000000000e+00
0498 12.4500 6.2250 1.00000000000000e+00 2.00000000000000e+00
0499 12.4750 6.2375 1.00000000000000e+00 2.00000000000000e+00
0500 12.5000 6.2500 1.00000000000000e+00 2.00000000000000e+00
0501 12.5250 6.2625 1.00000000000000e+00 2.00000000000000e+00
0502 12.5500 6.2750 1.00000000000000e+00 2.00000000000000e+00
0503 12.5750 6.2875 1.00000000000000e+00 2.00000000000000e+00
0504 12.6000 6.3000 1.00000000000000e+00 2.00000000000000e+00
0505 12.6250 6.3125 1.00000000000000e+00 2.00000000000000e+00
0506 12.6500 6.3250 1.00000000000000e+00 2.00000000000000e+00
0507 12.6750 6.3375 1.00000000000000e+00 2.00000000000000e+00
0508 12.7000 6.3500 1.00000000000000e+00 2.00000000000000e+00
0509 12.7250 6.3625 1.00000000000000e+00 2.00000000000000e+00
0510 12.7500 6.3750 1.00000000000000e+00 2.00000000000000e+00
0511 12.7750 6.3875 1.00000000000000e+00 2.00000000000000e+00
0512 12.8000 6.4000 1.00000000000000e+00 2.00000000000000e+00
0513 12.8250 6.4125 1.00000000000000e+00 2.00000000000000e+00
0514 12.8500 6.4250 1.00000000000000e+00 2.00000000000000e+00
0515 12.8750 6.4375 1.00000000000000e+00 2.00000000000000e+00
0516 12.9000 6.4500 1.00000000000000e+00 2.00000000000000e+00
0517 12.9250 6.4625 1.00000000000000e+00 2.00000000000000e+00
0518 12.9500 6.4750 1.00000000000000e+00 2.00000000000000e+00
0519 12.9750 6.4875 1.00000000000000e+00 2.00000000000000e+00
0520 13.0000 6.5000 3.99999999999993e-01 -2.00000000000000e+00
0521 13.0250 6.5125 -8.00000000000109e-02 -2.00000000000000e+00
0522 13.0500 6.5250 -4.64000000000013e-01 -2.00000000000000e+00
0523 13.0750 6.5375 -7.71199999999997e-01 -2.00000000000000e+00
0524 13.1000 6.5500 -1.00000000000000e+00 -2.00000000000000e+00
0525 13.1250 6.5625 -1.00000000000000e+00 -2.00000000000000e+00
0526 13.1500 6.5750 -1.00000000000000e+00 -2.00000000000000e+00
0527 13.1750 6.5875 -1.00000000000000e+00 -2.00000000000000e+00
0528 13.2000 6.6000 -1.00000000000000e+00 -2.00000000000000e+00
0529 13.2250 6.6125 -1.00000000000000e+00 -2.00000000000000e+00
0530 13.2500 6.6250 -1.00000000000000e+00 -2.00000000000000e+00
0531 13.2750 6.6375 -1.00000000000000e+00 -2.00000000000000e+00
0532 13.3000 6.6500 -1.00000000000000e+00 -2.00000000000000e+00
0533 13.3250 6.6625 -1.00000000000000e+00 -2.00000000000000e+00
0534 13.3500 6.6750 -1.00000000000000e+00 -2.00000000000000e+00
0535 13.3750 6.6875 -1.00000000000000e+00 -2.00000000000000e+00
0536 13.4000 6.7000 -1.00000000000000e+00 -2.00000000000000e+00
0537 13.4250 6.7125 -1.00000000000000e+00 -2.00000000000000e+00
0538 13.4500 6.7250 -1.00000000000000e+00 -2.00000000000000e+00
0539 13.4750 6.7375 -1.00000000000000e+00 -2.00000000000000e+00
0540 13.5000 6.7500 -1.00000000000000e+00 -2.00000000000000e+00
0541 13.5250 6.7625 -1.00000000000000e+00 -2.00000000000000e+00
0542 13.5500 6.7750 -1.00000000000000e+00 -2.00000000000000e+00
0543 13.5750 6.7875 -1.00000000000000e+00 -2.00000000000000e+00
0544 13.6000 6.8000 -1.00000000000000e+00 -2.00000000000000e+00
0545 13.6250 6.8125 -1.00000000000000e+00 -2.00000000000000e+00
0546 13.6500 6.8250 -1.00000000000000e+00 -2.00000000000000e+00
0547 13.6750 6.8375 -1.00000000000000e+00 -2.00000000000000e+00
0548 13.7000 6.8500 -1.00000000000000e+00 -2.00000000000000e+00
0549 13.7250 6.8625 -1.00000000000000e+00 -2.00000000000000e+00
0550 13.7500 6.8750 -1.00000000000000e+00 -2.00000000000000e+00
0551 13.7750 6.8875 -1.00000000000000e+00 -2.00000000000000e+00
0552 13.8000 6.9000 -1.00000000000000e+00 -2.00000000000000e+00
0553 13.8250 6.9125 -1.00000000000000e+00 -2.00000000000000e+00
0554 13.8500 6.9250 -1.00000000000000e+00 -2.00000000000000e+00
0555 13.8750 6.9375 -1.00000000000000e+00 -2.00000000000000e+00
0556 13.9000 6.9500 -1.00000000000000e+00 -2.00000000000000e+00
0557 13.9250 6.9625 -1.00000000000000e+00 -2.00000000000000e+00
0558 13.9500 6.9750 -1.00000000000000e+00 -2.00000000000000e+00
0559 13.9750 6.9875 -1.00000000000000e+00 -2.00000000000000e+00
0560 14.0000 7.0000 -3.99999999999993e-01 2.00000000000000e+00
0561 14.0250 7.0125 8.00000000000109e-02 2.00000000000000e+00
0562 14.0500 7.0250 4.64000000000013e-01 2.00000000000000e+00
0563 14.0750 7.0375 7.71199999999997e-01 2.00000000000000e+00
0564 14.1000 7.0500 1.00000000000000e+00 2.00000000000000e+00
0565 14.1250 7.0625 1.00000000000000e+00 2.00000000000000e+00
0566 14.1500 7.0750 1.00000000000000e+00 2.00000000000000e+00
0567 14.1750 7.0875 1.00000000000000e+00 2.00000000000000e+00
0568 14.2000 7.1000 1.00000000000000e+00 2.00000000000000e+00
0569 14.2250 7.1125 1.00000000000000e+00 2.00000000000000e+00
0570 14.2500 7.1250 1.00000000000000e+00 2.00000000000000e+00
0571 14.2750 7.1375 1.00000000000000e+00 2.00000000000000e+00
0572 14.3000 7.1500 1.00000000000000e+00 2.00000000000000e+00
0573 14.3250 7.1625 1.00000000000000e+00 2.00000000000000e+00
0574 14.3500 7.1750 1.00000000000000e+00 2.00000000000000e+00
0575 14.3750 7.1875 1.00000000000000e+00 2.00000000000000e+00
0576 14.4000 7.2000 1.00000000000000e+00 2.00000000000000e+00
0577 14.4250 7.2125 1.00000000000000e+00 2.00000000000000e+00
0578 14.4500 7.2250 1.00000000000000e+00 2.00000000000000e+00
0579 14.4750 7.2375 1.00000000000000e+00 2.00000000000000e+00
0580 14.5000 7.2500 1.00000000000000e+00 2.00000000000000e+00
0581 14.5250 7.2625 1.00000000000000e+00 2.00000000000000e+00
0582 14.5500 7.2750 1.00000000000000e+00 2.00000000000000e+00
0583 14.5750 7.2875 1.00000000000000e+00 2.00000000000000e+00
0584 14.6000 7.3000 1.00000000000000e+00 2.00000000000000e+00
0585 14.6250 7.3125 1.00000000000000e+00 2.00000000000000e+00
0586 14.6500 7.3250 1.00000000000000e+00 2.00000000000000e+00
0587 14.6750 7.3375 1.00000000000000e+00 2.00000000000000e+00
0588 14.7000 7.3500 1.00000000000000e+00 2.00000000000000e+00
0589 14.7250 7.3625 1.00000000000000e+00 2.00000000000000e+00
0590 14.7500 7.3750 1.00000000000000e+00 2.00000000000000e+00
0591 14.7750 7.3875 1.00000000000000e+00 2.00000000000000e+00
0592 14.8000 7.4000 1.00000000000000e+00 2.00000000000000e+00
0593 14.8250 7.4125 1.00000000000000e+00 2.00000000000000e+00
0594 14.8500 7.4250 1.00000000000000e+00 2.00000000000000e+00
0595 14.8750 7.4375 1.00000000000000e+00 2.00000000000000e+00
0596 14.9000 7.4500 1.00000000000000e+00 2.00000000000000e+00
0597 14.9250 7.4625 1.00000000000000e+00 2.00000000000000e+00
0598 14.9500 7.4750 1.00000000000000e+00 2.00000000000000e+00
0599 14.9750 7.4875 1.00000000000000e+00 2.00000000000000e+00
0600 15.0000 7.5000 3.99999999999993e-01 -2.00000000000000e+00
0601 15.0250 7.5125 -8.00000000000109e-02 -2.00000000000000e+00
0602 15.0500 7.5250 -4.64000000000013e-01 -2.00000000000000e+00
0603 15.0750 7.5375 -7.71199999999997e-01 -2.00000000000000e+00
0604 15.1000 7.5500 -1.00000000000000e+00 -2.00000000000000e+00
0605 15.1250 7.5625 -1.00000000000000e+00 -2.00000000000000e+00
0606 15.1500 7.5750 -1.00000000000000e+00 -2.00000000000000e+00
0607 15.1750 7.5875 -1.00000000000000e+00 -2.00000000000000e+00
0608 15.2000 7.6000 -1.00000000000000e+00 -2.00000000000000e+00
0609 15.2250 7.6125 -1.00000000000000e+00 -2.00000000000000e+00
0610 15.2500 7.6250 -1.00000000000000e+00 -2.00000000000000e+00
0611 15.2750 7.6375 -1.00000000000000e+00 -2.00000000000000e+00
0612 15.3000 7.6500 -1.00000000000000e+00 -2.00000000000000e+00
0613 15.3250 7.6625 -1.00000000000000e+00 -2.00000000000000e+00
0614 15.3500 7.6750 -1.00000000000000e+00 -2.00000000000000e+00
0615 15.3750 7.6875 -1.00000000000000e+00 -2.00000000000000e+00
0616 15.4000 7.7000 -1.00000000000000e+00 -2.00000000000000e+00
0617 15.4250 7.7125 -1.00000000000000e+00 -2.00000000000000e+00
0618 15.4500 7.7250 -1.00000000000000e+00 -2.00000000000000e+00
0619 15.4750 7.7375 -1.00000000000000e+00 -2.00000000000000e+00
0620 15.5000 7.7500 -1.00000000000000e+00 -2.00000000000000e+00
0621 15.5250 7.7625 -1.00000000000000e+00 -2.00000000000000e+00
0622 15.5500 7.7750 -1.00000000000000e+00 -2.00000000000000e+00
0623 15.5750 7.7875 -1.00000000000000e+00 -2.00000000000000e+00
0624 15.6000 7.8000 -1.00000000000000e+00 -2.00000000000000e+00
0625 15.6250 7.8125 -1.00000000000000e+00 -2.00000000000000e+00
0626 15.6500 7.8250 -1.00000000000000e+00 -2.00000000000000e+00
0627 15.6750 7.8375 -1.00000000000000e+00 -2.00000000000000e+00
0628 15.7000 7.8500 -1.00000000000000e+00 -2.00000000000000e+00
0629 15.7250 7.8625 -1.00000000000000e+00 -2.00000000000000e+00
0630 15.7500 7.8750 -1.00000000000000e+00 -2.00000000000000e+00
0631 15.7750 7.8875 -1.00000000000000e+00 -2.00000000000000e+00
0632 15.8000 7.9000 -1.00000000000000e+00 -2.00000000000000e+00
0633 15.8250 7.9125 -1.00000000000000e+00 -2.00000000000000e+00
0634 15.8500 7.9250 -1.00000000000000e+00 -2.00000000000000e+00
0635 15.8750 7.9375 -1.00000000000000e+00 -2.00000000000000e+00
0636 15.9000 7.9500 -1.00000000000000e+00 -2.00000000000000e+00
0637 15.9250 7.9625 -1.00000000000000e+00 -2.00000000000000e+00
0638 15.9500 7.9750 -1.00000000000000e+00 -2.00000000000000e+00
0639 15.9750 7.9875 -1.00000000000000e+00 -2.00000000000000e+00
0640 16.0000 8.0000 -3.99999999999993e-01 2.00000000000000e+00
