#Iter Objective            rel.obj      ||grad||           rel.||grad||    stepsize
  0: 6.71958589545392e-01  1.0000e+00  2.15485896050517e+01  1.0000e+00  -1.00000000
  1: 4.35365088262291e-01  6.4790e-01  1.14389623221251e+01  5.3085e-01  0.00156250
  2: 4.24038910100496e-01  6.3105e-01  1.02897190608713e+01  4.7751e-01  0.10000000
  3: 4.14055163209049e-01  6.1619e-01  9.33586729658358e+00  4.3325e-01  0.10000000
  4: 4.03241259342491e-01  6.0010e-01  8.36643887958990e+00  3.8826e-01  0.10000000
  5: 3.91983931794239e-01  5.8335e-01  7.41747007919256e+00  3.4422e-01  0.10000000
  6: 3.80630565380085e-01  5.6645e-01  6.51728780421147e+00  3.0245e-01  0.10000000
  7: 3.69494636973520e-01  5.4988e-01  5.68728540976274e+00  2.6393e-01  0.10000000
  8: 3.58837179350239e-01  5.3402e-01  4.94095214778180e+00  2.2929e-01  0.10000000
  9: 3.48846997172217e-01  5.1915e-01  4.28343306231139e+00  1.9878e-01  0.10000000
 10: 3.39625998827199e-01  5.0543e-01  3.71206843157788e+00  1.7227e-01  0.10000000
 11: 3.31187099233603e-01  4.9287e-01  3.21813248955520e+00  1.4934e-01  0.10000000
 12: 3.23470013686087e-01  4.8138e-01  2.78965195681849e+00  1.2946e-01  0.10000000
 13: 3.16373374953121e-01  4.7082e-01  2.41475228374402e+00  1.1206e-01  0.10000000
 14: 3.09790747613701e-01  4.6103e-01  2.08444915032136e+00  9.6733e-02  0.10000000
 15: 3.03632870140041e-01  4.5186e-01  1.79376631706925e+00  8.3243e-02  0.10000000
 16: 2.97829307979152e-01  4.4323e-01  1.54113920750418e+00  7.1519e-02  0.10000000
 17: 2.92318699209451e-01  4.3502e-01  1.32716218295656e+00  6.1589e-02  0.10000000
 18: 2.87039257977307e-01  4.2717e-01  1.15354476929244e+00  5.3532e-02  0.10000000
 19: 2.81923781037639e-01  4.1956e-01  1.02228790191584e+00  4.7441e-02  0.10000000
 20: 2.76898247396136e-01  4.1208e-01  9.34637091164162e-01  4.3373e-02  0.10000000
 21: 2.71882213304426e-01  4.0461e-01  8.89665677969203e-01  4.1286e-02  0.10000000
 22: 2.66789670014384e-01  3.9703e-01  8.83226826461103e-01  4.0988e-02  0.10000000
 23: 2.61529358609687e-01  3.8920e-01  9.08343350938231e-01  4.2153e-02  0.10000000
 24: 2.56003769748212e-01  3.8098e-01  9.56904170323371e-01  4.4407e-02  0.10000000
 25: 2.50106624774018e-01  3.7221e-01  1.02136742355469e+00  4.7398e-02  0.10000000
 26: 2.43719557233009e-01  3.6270e-01  1.09560917650342e+00  5.0844e-02  0.10000000
 27: 2.36709381670086e-01  3.5227e-01  1.17499618106020e+00  5.4528e-02  0.10000000
 28: 2.28927148250841e-01  3.4069e-01  1.25605483363915e+00  5.8289e-02  0.10000000
 29: 2.20209279104976e-01  3.2771e-01  1.33595818034503e+00  6.1997e-02  0.10000000
 30: 2.10379942913403e-01  3.1308e-01  1.41195922381432e+00  6.5524e-02  0.10000000
 31: 1.99252584279264e-01  2.9653e-01  1.48090563501477e+00  6.8724e-02  0.10000000
 32: 1.86627319110690e-01  2.7774e-01  1.53914863764839e+00  7.1427e-02  0.10000000
 33: 1.72283080510155e-01  2.5639e-01  1.58067422190848e+00  7.3354e-02  0.10000000
 34: 1.55962401003691e-01  2.3210e-01  1.62069143566497e+00  7.5211e-02  0.10000000
 35: 1.37838373805922e-01  2.0513e-01  1.27513886323253e+00  5.9175e-02  0.10000000
 36: 1.24528878723058e-01  1.8532e-01  1.29167443435191e+00  5.9942e-02  0.10000000
 37: 1.08638106295376e-01  1.6167e-01  1.25050998182761e+00  5.8032e-02  0.10000000
 38: 9.44446808337902e-02  1.4055e-01  1.21385582781693e+00  5.6331e-02  0.10000000
 39: 8.11624601859124e-02  1.2078e-01  1.16252413775688e+00  5.3949e-02  0.10000000
 40: 6.94228171808988e-02  1.0331e-01  1.08776594885619e+00  5.0480e-02  0.10000000
 41: 5.88641900626975e-02  8.7601e-02  1.04369479138270e+00  4.8434e-02  0.10000000
 42: 4.95440166273620e-02  7.3731e-02  9.50616978166643e-01  4.4115e-02  0.10000000
 43: 4.15177546083995e-02  6.1786e-02  8.89124066705104e-01  4.1261e-02  0.10000000
 44: 3.46076661164962e-02  5.1503e-02  7.99024192294331e-01  3.7080e-02  0.10000000
 45: 2.87376126476056e-02  4.2767e-02  7.34119341793598e-01  3.4068e-02  0.10000000
 46: 2.37986602630745e-02  3.5417e-02  6.60473923792430e-01  3.0650e-02  0.10000000
 47: 1.96341481747965e-02  2.9219e-02  6.02060648737766e-01  2.7940e-02  0.10000000
 48: 1.61634291184270e-02  2.4054e-02  5.41048279501321e-01  2.5108e-02  0.10000000
 49: 1.32707500189787e-02  1.9749e-02  4.88470463387455e-01  2.2668e-02  0.10000000
 50: 1.08745973008398e-02  1.6183e-02  4.42258873288687e-01  2.0524e-02  0.10000000
 51: 8.86122347938164e-03  1.3187e-02  3.87056481858757e-01  1.7962e-02  0.10000000
 52: 7.16730427216677e-03  1.0666e-02  3.57487640173944e-01  1.6590e-02  0.10000000
 53: 5.72565995315574e-03  8.5209e-03  2.98793930683992e-01  1.3866e-02  0.10000000
 54: 4.71974070241102e-03  7.0239e-03  2.68320255113136e-01  1.2452e-02  0.10000000
 55: 3.85623700778838e-03  5.7388e-03  2.42664254030094e-01  1.1261e-02  0.10000000
 56: 3.14513759586907e-03  4.6806e-03  2.19373723099976e-01  1.0180e-02  0.10000000
 57: 2.54309663395626e-03  3.7846e-03  1.97754956336288e-01  9.1772e-03  0.10000000
 58: 2.05343571961057e-03  3.0559e-03  1.74623141227452e-01  8.1037e-03  0.10000000
 59: 1.66243375193379e-03  2.4740e-03  1.58323667086704e-01  7.3473e-03  0.10000000
 60: 1.34648310781825e-03  2.0038e-03  1.38613049938320e-01  6.4326e-03  0.10000000
 61: 1.09446187483424e-03  1.6288e-03  1.25092425059110e-01  5.8051e-03  0.10000000
 62: 8.90933533508701e-04  1.3259e-03  1.10498523448890e-01  5.1279e-03  0.10000000
 63: 7.27575519862406e-04  1.0828e-03  9.84808764901608e-02  4.5702e-03  0.10000000
 64: 5.95930749403359e-04  8.8686e-04  8.83652658512199e-02  4.1007e-03  0.10000000
 65: 4.89295531639583e-04  7.2816e-04  7.76835450711599e-02  3.6050e-03  0.10000000
 66: 4.03474120489497e-04  6.0044e-04  6.99649273258302e-02  3.2468e-03  0.10000000
 67: 3.33710977272030e-04  4.9662e-04  6.09263660425973e-02  2.8274e-03  0.10000000
 68: 2.77345304010883e-04  4.1274e-04  5.45109670497751e-02  2.5297e-03  0.10000000
 69: 2.31767752164991e-04  3.4491e-04  4.72987413487503e-02  2.1950e-03  0.10000000
 70: 1.94523140882517e-04  2.8949e-04  4.23817392643575e-02  1.9668e-03  0.10000000
 71: 1.64354999159650e-04  2.4459e-04  3.63788779551127e-02  1.6882e-03  0.10000000
 72: 1.39727232639801e-04  2.0794e-04  3.27556314355604e-02  1.5201e-03  0.10000000
 73: 1.19615947338649e-04  1.7801e-04  2.76061732595794e-02  1.2811e-03  0.10000000
 74: 1.03190051082960e-04  1.5357e-04  2.49052396728354e-02  1.1558e-03  0.10000000
 75: 8.96625213771061e-05  1.3343e-04  2.05837543165522e-02  9.5523e-04  0.10000000
 76: 7.84666956800313e-05  1.1677e-04  1.86303517257676e-02  8.6457e-04  0.10000000
 77: 6.89914590902908e-05  1.0267e-04  1.50331657921728e-02  6.9764e-04  0.10000000
 78: 6.09940022337155e-05  9.0770e-05  1.35818136661210e-02  6.3029e-04  0.10000000
 79: 5.39228511509785e-05  8.0247e-05  1.09709102050287e-02  5.0912e-04  0.10000000
 80: 4.75494929126953e-05  7.0763e-05  9.94008010724394e-03  4.6129e-04  0.10000000
 81: 4.14849134092931e-05  6.1737e-05  8.04602709331069e-03  3.7339e-04  0.10000000
 82: 3.59466726930943e-05  5.3495e-05  7.13559716655926e-03  3.3114e-04  0.10000000
 83: 3.09251344953705e-05  4.6022e-05  6.50669253725755e-03  3.0195e-04  0.10000000
 84: 2.57724668560945e-05  3.8354e-05  5.75532846748610e-03  2.6709e-04  0.10000000
 85: 2.11460390946367e-05  3.1469e-05  5.26011312159942e-03  2.4410e-04  0.10000000
 86: 1.75960036976690e-05  2.6186e-05  5.62120170307427e-03  2.6086e-04  0.10000000
 87: 1.46437707390868e-05  2.1793e-05  4.30106332682188e-03  1.9960e-04  0.10000000
 88: 1.21586856305097e-05  1.8094e-05  6.73390363954018e-03  3.1250e-04  0.10000000
 89: 1.00771762070317e-05  1.4997e-05  4.84539576847827e-03  2.2486e-04  0.10000000
 90: 8.37142397939538e-06  1.2458e-05  6.58719693270664e-03  3.0569e-04  0.10000000
 91: 6.90843125691356e-06  1.0281e-05  3.96113735857779e-03  1.8382e-04  0.10000000
 92: 5.72928956970550e-06  8.5263e-06  4.58171899974770e-03  2.1262e-04  0.10000000
 93: 4.72692576942235e-06  7.0345e-06  2.59243641262602e-03  1.2031e-04  0.10000000
 94: 3.91620767098036e-06  5.8280e-06  2.39716728325848e-03  1.1124e-04  0.10000000
 95: 3.24048972477549e-06  4.8225e-06  2.73775265089158e-03  1.2705e-04  0.10000000
 96: 2.66662933061618e-06  3.9684e-06  2.21079569582425e-03  1.0260e-04  0.10000000
 97: 2.19631594349476e-06  3.2685e-06  2.52021716593767e-03  1.1696e-04  0.10000000
 98: 1.79890035268988e-06  2.6771e-06  1.81504028540655e-03  8.4230e-05  0.10000000
 99: 1.47714196037022e-06  2.1983e-06  1.82500889642361e-03  8.4693e-05  0.10000000
100: 1.20874025193275e-06  1.7988e-06  1.59706597267364e-03  7.4115e-05  0.10000000
101: 9.89269882735857e-07  1.4722e-06  1.41987716838892e-03  6.5892e-05  0.10000000
102: 8.10508732200489e-07  1.2062e-06  1.48326286049742e-03  6.8833e-05  0.10000000
103: 6.60479039500132e-07  9.8292e-07  1.22446006541451e-03  5.6823e-05  0.10000000
104: 5.39081144328929e-07  8.0225e-07  1.18369866699321e-03  5.4932e-05  0.10000000
105: 4.33305905804295e-07  6.4484e-07  1.91869281190998e-03  8.9040e-05  0.10000000
106: 3.59144459462711e-07  5.3447e-07  1.75032088214892e-03  8.1227e-05  0.10000000
107: 2.93844059940545e-07  4.3729e-07  1.48106207292947e-03  6.8731e-05  0.10000000
108: 2.40072993577798e-07  3.5727e-07  1.51956523904314e-03  7.0518e-05  0.10000000
109: 1.94242619091260e-07  2.8907e-07  8.43209040721361e-04  3.9131e-05  0.10000000
110: 1.58724922072363e-07  2.3621e-07  7.61732136761896e-04  3.5350e-05  0.10000000
111: 1.29509496577564e-07  1.9273e-07  7.55912468870383e-04  3.5079e-05  0.10000000
112: 1.05945703803045e-07  1.5767e-07  6.44929680252452e-04  2.9929e-05  0.10000000
113: 8.63760516753835e-08  1.2854e-07  6.65022865867319e-04  3.0862e-05  0.10000000
114: 7.03084367229599e-08  1.0463e-07  5.21341358176677e-04  2.4194e-05  0.10000000
115: 5.74006595063371e-08  8.5423e-08  5.15154918116847e-04  2.3907e-05  0.10000000
116: 4.68859619367693e-08  6.9775e-08  4.18055042140592e-04  1.9401e-05  0.10000000
117: 3.83980149186515e-08  5.7143e-08  3.81904823842882e-04  1.7723e-05  0.10000000
118: 3.15503940183646e-08  4.6953e-08  3.58577805737952e-04  1.6640e-05  0.10000000
119: 2.59364378885833e-08  3.8598e-08  3.04789611675420e-04  1.4144e-05  0.10000000
120: 2.14341227459617e-08  3.1898e-08  2.94588379679996e-04  1.3671e-05  0.10000000
121: 1.77142627493651e-08  2.6362e-08  2.49913766416497e-04  1.1598e-05  0.10000000
122: 1.47339942228992e-08  2.1927e-08  2.22998256179507e-04  1.0349e-05  0.10000000
123: 1.23065702616734e-08  1.8314e-08  2.21935278521956e-04  1.0299e-05  0.10000000
124: 1.03174679965309e-08  1.5354e-08  1.80965258683961e-04  8.3980e-06  0.10000000
125: 8.72511355141596e-09  1.2985e-08  1.89518203229839e-04  8.7949e-06  0.10000000
126: 7.37852511444116e-09  1.0981e-08  1.44649475457113e-04  6.7127e-06  0.10000000
127: 6.31105894123618e-09  9.3920e-09  1.41913068942610e-04  6.5857e-06  0.10000000
128: 5.43476794728048e-09  8.0880e-09  1.16601502494543e-04  5.4111e-06  0.10000000
129: 4.70241114952504e-09  6.9981e-09  1.09255086953742e-04  5.0702e-06  0.10000000
130: 4.10793897013297e-09  6.1134e-09  9.62862014644185e-05  4.4683e-06  0.10000000
131: 3.59063989461428e-09  5.3435e-09  8.64209473904143e-05  4.0105e-06  0.10000000
132: 3.15093551939287e-09  4.6892e-09  8.18419016922821e-05  3.7980e-06  0.10000000
133: 2.78425395013003e-09  4.1435e-09  6.82840461736306e-05  3.1688e-06  0.10000000
134: 2.48937684845250e-09  3.7047e-09  6.68135360066320e-05  3.1006e-06  0.10000000
135: 2.23374975156548e-09  3.3242e-09  5.77396649382585e-05  2.6795e-06  0.10000000
136: 1.99895531304256e-09  2.9748e-09  5.35661918126251e-05  2.4858e-06  0.10000000
137: 1.75885652028621e-09  2.6175e-09  6.07962968544565e-05  2.8214e-06  0.10000000
138: 1.56800225140199e-09  2.3335e-09  4.78277924706635e-05  2.2195e-06  0.10000000
139: 1.40492575648206e-09  2.0908e-09  4.94587822128834e-05  2.2952e-06  0.10000000
140: 1.24797196574042e-09  1.8572e-09  3.59261989661585e-05  1.6672e-06  0.10000000
141: 1.10599290987979e-09  1.6459e-09  3.28581947380125e-05  1.5248e-06  0.10000000
142: 9.60918760652877e-10  1.4300e-09  4.42798086659083e-05  2.0549e-06  0.10000000
143: 8.22317575508539e-10  1.2238e-09  3.81845517335793e-05  1.7720e-06  0.10000000
144: 6.94855061600087e-10  1.0341e-09  5.94543146567026e-05  2.7591e-06  0.10000000
145: 5.88385484835101e-10  8.7563e-10  4.71768818513240e-05  2.1893e-06  0.10000000
146: 4.95160633752531e-10  7.3689e-10  5.52996886789420e-05  2.5663e-06  0.10000000
147: 4.11617727140891e-10  6.1256e-10  2.75281700028792e-05  1.2775e-06  0.10000000
148: 3.42807200550371e-10  5.1016e-10  2.89754185355890e-05  1.3447e-06  0.10000000
149: 2.82683007326223e-10  4.2069e-10  2.99003195979872e-05  1.3876e-06  0.10000000
150: 2.32965503189248e-10  3.4670e-10  2.62520899851339e-05  1.2183e-06  0.10000000
151: 1.91395983141486e-10  2.8483e-10  2.36578919063062e-05  1.0979e-06  0.10000000
152: 1.56023393528130e-10  2.3219e-10  2.82277141968308e-05  1.3100e-06  0.10000000
153: 1.25273711159022e-10  1.8643e-10  1.69166428498888e-05  7.8505e-07  0.10000000
